| x_pos | y_pos | z_pos |   lon |   lat |   vel | comp |    dist | e_dist |   prob | arm |
|     0 |     5 |   346 | 20.01 | -1.08 |  68.6 |    1 |  3.6264 | 0.4154 | 0.4794 | ScN |
|     0 |     5 |   346 | 20.01 | -1.08 |  68.6 |    2 |  4.8525 |  0.299 | 0.5206 | Nor |
|     0 |    11 |    59 | 20.01 | -1.04 |   7.6 |    1 |  0.2369 |  0.066 | 0.0595 | AqR |
|     0 |    11 |    59 | 20.01 | -1.04 |   7.6 |    2 |  1.2334 |   0.13 | 0.2542 | ... |
|     0 |    11 |    59 | 20.01 | -1.04 |   7.6 |    3 |  1.6883 | 0.2218 | 0.5734 | SgN |
|     0 |    11 |    59 | 20.01 | -1.04 |   7.6 |    4 |  2.3577 | 0.2736 | 0.0814 | ... |
|     0 |    11 |    59 | 20.01 | -1.04 |   7.6 |    5 |  3.1727 | 0.2796 | 0.0315 | ... |
|     0 |    11 |   211 | 20.01 | -1.04 |  39.9 |    1 |   3.294 | 0.1803 |    1.0 | ScN |
|     0 |    12 |   210 | 20.01 | -1.03 |  39.7 |    1 |  3.2917 | 0.1812 |    1.0 | ScN |
|     0 |    13 |   210 | 20.01 | -1.03 |  39.7 |    1 |  3.2917 | 0.1812 |    1.0 | ScN |
|     0 |    13 |   298 | 20.01 | -1.03 |  58.4 |    1 |  3.4521 | 0.1966 |    1.0 | ScN |
|     0 |    14 |   211 | 20.01 | -1.02 |  39.9 |    1 |  3.2944 | 0.1806 |    1.0 | ScN |
|     0 |    14 |   329 | 20.01 | -1.02 |  65.0 |    1 |  3.6172 |  0.363 | 0.6402 | ScN |
|     0 |    14 |   329 | 20.01 | -1.02 |  65.0 |    2 |  4.8695 | 0.3163 | 0.3598 | Nor |
|     0 |    15 |   211 | 20.01 | -1.01 |  39.9 |    1 |  3.2946 | 0.1807 |    1.0 | ScN |
|     0 |    16 |   211 | 20.01 | -1.01 |  39.9 |    1 |  3.2946 | 0.1807 |    1.0 | ScN |
|     0 |    17 |   211 | 20.01 |  -1.0 |  39.9 |    1 |  3.2948 | 0.1808 |    1.0 | ScN |
|     0 |    18 |   212 | 20.01 |  -1.0 |  40.1 |    1 |  3.2973 | 0.1801 |    1.0 | ScN |
|     0 |    19 |   212 | 20.01 | -0.99 |  40.1 |    1 |  3.2974 | 0.1802 |    1.0 | ScN |
|     0 |    20 |   212 | 20.01 | -0.98 |  40.1 |    1 |  3.2976 | 0.1804 |    1.0 | ScN |
|     0 |    21 |   213 | 20.01 | -0.98 |  40.3 |    1 |  3.3001 | 0.1797 |    1.0 | ScN |
|     0 |    22 |   213 | 20.01 | -0.97 |  40.3 |    1 |  3.3002 |   0.18 |    1.0 | ScN |
|     0 |    23 |   213 | 20.01 | -0.96 |  40.3 |    1 |  3.3004 | 0.1801 |    1.0 | ScN |
|     0 |    23 |   517 | 20.01 | -0.96 | 104.9 |    1 |  6.0734 | 0.4822 |    1.0 | ... |
|     0 |    24 |   213 | 20.01 | -0.96 |  40.3 |    1 |  3.3004 | 0.1801 |    1.0 | ScN |
|     0 |    25 |   214 | 20.01 | -0.95 |  40.5 |    1 |   3.303 | 0.1794 |    1.0 | ScN |
|     0 |    26 |   215 | 20.01 | -0.95 |  40.7 |    1 |  3.3054 | 0.1788 |    1.0 | ScN |
|     0 |    27 |   216 | 20.01 | -0.94 |  41.0 |    1 |  3.3093 |  0.178 |    1.0 | ScN |
|     0 |    28 |   216 | 20.01 | -0.93 |  41.0 |    1 |  3.3094 | 0.1782 |    1.0 | ScN |
|     0 |    29 |   216 | 20.01 | -0.93 |  41.0 |    1 |  3.3094 | 0.1782 |    1.0 | ScN |
|     0 |    30 |   215 | 20.01 | -0.92 |  40.7 |    1 |  3.3058 | 0.1792 |    1.0 | ScN |
|     0 |    30 |   226 | 20.01 | -0.92 |  43.1 |    1 |  3.3346 | 0.1739 |    1.0 | ScN |
|     0 |    31 |   215 | 20.01 | -0.92 |  40.7 |    1 |  3.3058 | 0.1792 |    1.0 | ScN |
|     0 |    31 |   230 | 20.01 | -0.92 |  43.9 |    1 |  3.3439 |  0.173 |    1.0 | ScN |
|     0 |    32 |   216 | 20.01 | -0.91 |  41.0 |    1 |  3.3096 | 0.1785 |    1.0 | ScN |
|     0 |    32 |   232 | 20.01 | -0.91 |  44.4 |    1 |  3.3497 | 0.1727 |    1.0 | ScN |
|     0 |    33 |   216 | 20.01 |  -0.9 |  41.0 |    1 |  3.3097 | 0.1786 |    1.0 | ScN |
|     0 |    33 |   233 | 20.01 |  -0.9 |  44.6 |    1 |  3.3522 | 0.1727 |    1.0 | ScN |
|     0 |    34 |   216 | 20.01 |  -0.9 |  41.0 |    1 |  3.3097 | 0.1786 |    1.0 | ScN |
|     0 |    34 |   234 | 20.01 |  -0.9 |  44.8 |    1 |  3.3544 | 0.1726 |    1.0 | ScN |
|     0 |    35 |   215 | 20.01 | -0.89 |  40.7 |    1 |  3.3062 | 0.1796 |    1.0 | ScN |
|     0 |    35 |   233 | 20.01 | -0.89 |  44.6 |    1 |  3.3523 | 0.1729 |    1.0 | ScN |
|     0 |    36 |   215 | 20.01 | -0.88 |  40.7 |    1 |  3.3063 | 0.1797 |    1.0 | ScN |
|     0 |    36 |   234 | 20.01 | -0.88 |  44.8 |    1 |  3.3547 |  0.173 |    1.0 | ScN |
|     0 |    37 |   215 | 20.01 | -0.88 |  40.7 |    1 |  3.3063 | 0.1797 |    1.0 | ScN |
|     0 |    37 |   233 | 20.01 | -0.88 |  44.6 |    1 |  3.3525 | 0.1731 |    1.0 | ScN |
|     0 |    38 |     5 | 20.01 | -0.87 |  -3.9 |    1 |  0.2216 |  0.066 | 0.3069 | AqR |
|     0 |    38 |     5 | 20.01 | -0.87 |  -3.9 |    2 |  1.7116 | 0.2851 | 0.0834 | SgN |
|     0 |    38 |     5 | 20.01 | -0.87 |  -3.9 |    3 |  2.5087 | 0.1307 | 0.3963 | ... |
|     0 |    38 |     5 | 20.01 | -0.87 |  -3.9 |    4 | 17.6795 | 0.9521 | 0.2134 | ... |
|     0 |    38 |   215 | 20.01 | -0.87 |  40.7 |    1 |  3.3064 | 0.1799 |    1.0 | ScN |
|     0 |    38 |   233 | 20.01 | -0.87 |  44.6 |    1 |  3.3526 | 0.1732 |    1.0 | ScN |
|     0 |    39 |   215 | 20.01 | -0.87 |  40.7 |    1 |  3.3064 | 0.1799 |    1.0 | ScN |
|     0 |    39 |   233 | 20.01 | -0.87 |  44.6 |    1 |  3.3526 | 0.1732 |    1.0 | ScN |
|     0 |    40 |   215 | 20.01 | -0.86 |  40.7 |    1 |  3.3065 |   0.18 |    1.0 | ScN |
|     0 |    40 |   232 | 20.01 | -0.86 |  44.4 |    1 |  3.3505 | 0.1735 |    1.0 | ScN |
|     0 |    40 |   248 | 20.01 | -0.86 |  47.8 |    1 |  3.3878 | 0.1741 |    1.0 | ScN |
|     0 |    41 |   215 | 20.01 | -0.85 |  40.7 |    1 |  3.3065 | 0.1802 |    1.0 | ScN |
|     0 |    41 |   231 | 20.01 | -0.85 |  44.1 |    1 |  3.3472 | 0.1739 |    1.0 | ScN |
|     0 |    41 |   247 | 20.01 | -0.85 |  47.5 |    1 |  3.3848 | 0.1741 |    1.0 | ScN |
|     0 |    42 |   215 | 20.01 | -0.85 |  40.7 |    1 |  3.3065 | 0.1802 |    1.0 | ScN |
|     0 |    42 |   230 | 20.01 | -0.85 |  43.9 |    1 |  3.3449 |  0.174 |    1.0 | ScN |
|     0 |    42 |   245 | 20.01 | -0.85 |  47.1 |    1 |  3.3806 | 0.1738 |    1.0 | ScN |
|     0 |    43 |   215 | 20.01 | -0.84 |  40.7 |    1 |  3.3066 | 0.1803 |    1.0 | ScN |
|     0 |    43 |   231 | 20.01 | -0.84 |  44.1 |    1 |  3.3473 |  0.174 |    1.0 | ScN |
|     0 |    44 |   216 | 20.01 | -0.84 |  41.0 |    1 |  3.3103 | 0.1794 |    1.0 | ScN |
|     0 |    44 |   228 | 20.01 | -0.84 |  43.5 |    1 |  3.3404 | 0.1746 |    1.0 | ScN |
|     0 |    45 |   217 | 20.01 | -0.83 |  41.2 |    1 |   3.313 |  0.179 |    1.0 | ScN |
|     0 |    45 |   231 | 20.01 | -0.83 |  44.1 |    1 |  3.3474 | 0.1742 |    1.0 | ScN |
|     0 |    46 |   217 | 20.01 | -0.82 |  41.2 |    1 |  3.3131 | 0.1792 |    1.0 | ScN |
|     0 |    46 |   224 | 20.01 | -0.82 |  42.7 |    1 |  3.3311 |  0.176 |    1.0 | ScN |
|     0 |    46 |   237 | 20.01 | -0.82 |  45.4 |    1 |  3.3623 | 0.1738 |    1.0 | ScN |
|     0 |    47 |   218 | 20.01 | -0.82 |  41.4 |    1 |  3.3155 | 0.1787 |    1.0 | ScN |
|     0 |    47 |   238 | 20.01 | -0.82 |  45.6 |    1 |  3.3645 | 0.1738 |    1.0 | ScN |
|     0 |    48 |   216 | 20.01 | -0.81 |  41.0 |    1 |  3.3105 | 0.1799 |    1.0 | ScN |
|     0 |    48 |   219 | 20.01 | -0.81 |  41.6 |    1 |   3.318 | 0.1783 |    1.0 | ScN |
|     0 |    48 |   249 | 20.01 | -0.81 |  48.0 |    1 |  3.3908 | 0.1752 |    1.0 | ScN |
|     0 |    49 |   216 | 20.01 |  -0.8 |  41.0 |    1 |  3.3106 |   0.18 |    1.0 | ScN |
|     0 |    49 |   241 | 20.01 |  -0.8 |  46.3 |    1 |  3.3727 | 0.1742 |    1.0 | ScN |
|     0 |    49 |   332 | 20.01 |  -0.8 |  65.6 |    1 |  3.6949 | 0.4115 | 0.4024 | ScN |
|     0 |    49 |   332 | 20.01 |  -0.8 |  65.6 |    2 |  4.9627 | 0.3069 | 0.5976 | Nor |
|     0 |    50 |   217 | 20.01 |  -0.8 |  41.2 |    1 |  3.3132 | 0.1795 |    1.0 | ScN |
|     0 |    50 |   334 | 20.01 |  -0.8 |  66.0 |    1 |  3.6969 |  0.417 | 0.3771 | ScN |
|     0 |    50 |   334 | 20.01 |  -0.8 |  66.0 |    2 |   4.964 | 0.3023 | 0.6229 | Nor |
|     0 |    51 |   215 | 20.01 | -0.79 |  40.7 |    1 |  3.3069 |  0.181 |    1.0 | ScN |
|     0 |    51 |   225 | 20.01 | -0.79 |  42.9 |    1 |  3.3337 | 0.1762 |    1.0 | ScN |
|     0 |    51 |   243 | 20.01 | -0.79 |  46.7 |    1 |  3.3772 | 0.1745 |    1.0 | ScN |
|     0 |    51 |   335 | 20.01 | -0.79 |  66.2 |    1 |  3.7014 | 0.4213 | 0.3572 | ScN |
|     0 |    51 |   335 | 20.01 | -0.79 |  66.2 |    2 |   4.968 |  0.301 | 0.6428 | Nor |
|     0 |    52 |   230 | 20.01 | -0.79 |  43.9 |    1 |  3.3456 |  0.175 |    1.0 | ScN |
|     0 |    52 |   334 | 20.01 | -0.79 |  66.0 |    1 |  3.7006 | 0.4187 | 0.3695 | ScN |
|     0 |    52 |   334 | 20.01 | -0.79 |  66.0 |    2 |  4.9673 | 0.3031 | 0.6305 | Nor |
|     0 |    53 |   214 | 20.01 | -0.78 |  40.5 |    1 |  3.3045 | 0.1818 |    1.0 | ScN |
|     0 |    53 |   224 | 20.01 | -0.78 |  42.7 |    1 |  3.3314 | 0.1766 |    1.0 | ScN |
|     0 |    53 |   249 | 20.01 | -0.78 |  48.0 |    1 |  3.3913 | 0.1757 |    1.0 | ScN |
|     0 |    53 |   330 | 20.01 | -0.78 |  65.2 |    1 |     3.7 | 0.4096 | 0.4138 | ScN |
|     0 |    53 |   330 | 20.01 | -0.78 |  65.2 |    2 |  4.9687 | 0.3125 | 0.5862 | Nor |
|     0 |    53 |   449 | 20.01 | -0.78 |  90.5 |    1 |  5.4305 | 0.3484 |    1.0 | Nor |
|     0 |    54 |   215 | 20.01 | -0.77 |  40.7 |    1 |   3.307 | 0.1813 |    1.0 | ScN |
|     0 |    54 |   237 | 20.01 | -0.77 |  45.4 |    1 |  3.3629 | 0.1746 |    1.0 | ScN |
|     0 |    54 |   329 | 20.01 | -0.77 |  65.0 |    1 |  3.7024 | 0.4085 |   0.42 | ScN |
|     0 |    54 |   329 | 20.01 | -0.77 |  65.0 |    2 |   4.972 | 0.3153 |   0.58 | Nor |
|     0 |    55 |   215 | 20.01 | -0.77 |  40.7 |    1 |   3.307 | 0.1813 |    1.0 | ScN |
|     0 |    55 |   236 | 20.01 | -0.77 |  45.2 |    1 |  3.3606 | 0.1746 |    1.0 | ScN |
|     0 |    55 |   329 | 20.01 | -0.77 |  65.0 |    1 |  3.7024 | 0.4085 |   0.42 | ScN |
|     0 |    55 |   329 | 20.01 | -0.77 |  65.0 |    2 |   4.972 | 0.3153 |   0.58 | Nor |
|     0 |    56 |   215 | 20.01 | -0.76 |  40.7 |    1 |   3.307 | 0.1814 |    1.0 | ScN |
|     0 |    56 |   235 | 20.01 | -0.76 |  45.0 |    1 |  3.3584 | 0.1748 |    1.0 | ScN |
|     0 |    56 |   329 | 20.01 | -0.76 |  65.0 |    1 |  3.7056 | 0.4103 | 0.4124 | ScN |
|     0 |    56 |   329 | 20.01 | -0.76 |  65.0 |    2 |  4.9754 | 0.3161 | 0.5876 | Nor |
|     0 |    57 |   216 | 20.01 | -0.76 |  41.0 |    1 |  3.3108 | 0.1806 |    1.0 | ScN |
|     0 |    57 |   235 | 20.01 | -0.76 |  45.0 |    1 |  3.3584 | 0.1748 |    1.0 | ScN |
|     0 |    57 |   328 | 20.01 | -0.76 |  64.8 |    1 |   3.704 | 0.4073 | 0.4261 | ScN |
|     0 |    57 |   328 | 20.01 | -0.76 |  64.8 |    2 |  4.9753 | 0.3182 | 0.5739 | Nor |
|     0 |    58 |   216 | 20.01 | -0.75 |  41.0 |    1 |  3.3108 | 0.1807 |    1.0 | ScN |
|     0 |    58 |   235 | 20.01 | -0.75 |  45.0 |    1 |  3.3585 |  0.175 |    1.0 | ScN |
|     0 |    58 |   327 | 20.01 | -0.75 |  64.5 |    1 |  3.7042 | 0.4038 |  0.441 | ScN |
|     0 |    58 |   327 | 20.01 | -0.75 |  64.5 |    2 |  4.9788 | 0.3223 |  0.559 | Nor |
|     0 |    59 |   215 | 20.01 | -0.74 |  40.7 |    1 |  3.3071 | 0.1817 |    1.0 | ScN |
|     0 |    59 |   236 | 20.01 | -0.74 |  45.2 |    1 |  3.3609 | 0.1751 |    1.0 | ScN |
|     0 |    59 |   329 | 20.01 | -0.74 |  65.0 |    1 |  3.7127 | 0.4137 | 0.3983 | ScN |
|     0 |    59 |   329 | 20.01 | -0.74 |  65.0 |    2 |  4.9826 | 0.3177 | 0.6017 | Nor |
|     0 |    60 |   214 | 20.01 | -0.74 |  40.5 |    1 |  3.3046 | 0.1823 |    1.0 | ScN |
|     0 |    60 |   237 | 20.01 | -0.74 |  45.4 |    1 |  3.3632 |  0.175 |    1.0 | ScN |
|     0 |    61 |   215 | 20.01 | -0.73 |  40.7 |    1 |  3.3071 | 0.1818 |    1.0 | ScN |
|     0 |    61 |   232 | 20.01 | -0.73 |  44.4 |    1 |  3.3518 | 0.1755 |    1.0 | ScN |
|     0 |    61 |   251 | 20.01 | -0.73 |  48.4 |    1 |  3.3982 | 0.1754 |    1.0 | ScN |
|     0 |    61 |   329 | 20.01 | -0.73 |  65.0 |    1 |  3.7163 | 0.4154 | 0.3915 | ScN |
|     0 |    61 |   329 | 20.01 | -0.73 |  65.0 |    2 |   4.986 | 0.3185 | 0.6085 | Nor |
|     0 |    62 |   215 | 20.01 | -0.72 |  40.7 |    1 |  3.3071 |  0.182 |    1.0 | ScN |
|     0 |    62 |   226 | 20.01 | -0.72 |  43.1 |    1 |  3.3365 | 0.1769 |    1.0 | ScN |
|     0 |    62 |   249 | 20.01 | -0.72 |  48.0 |    1 |  3.3922 | 0.1767 |    1.0 | ScN |
|     0 |    63 |   218 | 20.01 | -0.72 |  41.4 |    1 |   3.316 | 0.1801 |    1.0 | ScN |
|     0 |    63 |   237 | 20.01 | -0.72 |  45.4 |    1 |  3.3634 | 0.1754 |    1.0 | ScN |
|     0 |    63 |   322 | 20.01 | -0.72 |  63.5 |    1 |  3.7012 | 0.3903 |  0.496 | ScN |
|     0 |    63 |   322 | 20.01 | -0.72 |  63.5 |    2 |  4.9905 | 0.3344 |  0.504 | Nor |
|     0 |    64 |   216 | 20.01 | -0.71 |  41.0 |    1 |   3.311 | 0.1813 |    1.0 | ScN |
|     0 |    64 |   227 | 20.01 | -0.71 |  43.3 |    1 |  3.3391 | 0.1769 |    1.0 | ScN |
|     0 |    64 |   248 | 20.01 | -0.71 |  47.8 |    1 |  3.3904 | 0.1768 |    1.0 | ScN |
|     0 |    65 |   216 | 20.01 | -0.71 |  41.0 |    1 |   3.311 | 0.1813 |    1.0 | ScN |
|     0 |    65 |   226 | 20.01 | -0.71 |  43.1 |    1 |  3.3367 | 0.1771 |    1.0 | ScN |
|     0 |    65 |   248 | 20.01 | -0.71 |  47.8 |    1 |  3.3904 | 0.1768 |    1.0 | ScN |
|     0 |    66 |   229 | 20.01 |  -0.7 |  43.7 |    1 |   3.344 | 0.1766 |    1.0 | ScN |
|     0 |    67 |    45 | 20.01 | -0.69 |   4.6 |    1 |  0.2339 |  0.066 | 0.1157 | AqR |
|     0 |    67 |    45 | 20.01 | -0.69 |   4.6 |    2 |  1.2188 | 0.1144 | 0.2374 | ... |
|     0 |    67 |    45 | 20.01 | -0.69 |   4.6 |    3 |  1.5383 | 0.3614 | 0.5697 | SgN |
|     0 |    67 |    45 | 20.01 | -0.69 |   4.6 |    4 |  2.4937 | 0.1543 | 0.0772 | ... |
|     0 |    67 |   223 | 20.01 | -0.69 |  42.4 |    1 |  3.3284 | 0.1785 |    1.0 | ScN |
|     0 |    67 |   250 | 20.01 | -0.69 |  48.2 |    1 |  3.3951 | 0.1776 |    1.0 | ScN |
|     0 |    68 |   216 | 20.01 | -0.69 |  41.0 |    1 |   3.311 | 0.1816 |    1.0 | ScN |
|     0 |    68 |   226 | 20.01 | -0.69 |  43.1 |    1 |  3.3368 | 0.1774 |    1.0 | ScN |
|     0 |    68 |   251 | 20.01 | -0.69 |  48.4 |    1 |  3.3989 | 0.1762 |    1.0 | ScN |
|     0 |    69 |   215 | 20.01 | -0.68 |  40.7 |    1 |  3.3072 | 0.1826 |    1.0 | ScN |
|     0 |    69 |   226 | 20.01 | -0.68 |  43.1 |    1 |  3.3368 | 0.1776 |    1.0 | ScN |
|     0 |    69 |   252 | 20.01 | -0.68 |  48.6 |    1 |  3.4011 | 0.1767 |    1.0 | ScN |
|     0 |    70 |   216 | 20.01 | -0.68 |  41.0 |    1 |   3.311 | 0.1818 |    1.0 | ScN |
|     0 |    70 |   225 | 20.01 | -0.68 |  42.9 |    1 |  3.3344 | 0.1779 |    1.0 | ScN |
|     0 |    70 |   251 | 20.01 | -0.68 |  48.4 |    1 |   3.399 | 0.1764 |    1.0 | ScN |
|     0 |    71 |   133 | 20.01 | -0.67 |  23.3 |    1 |  1.8401 | 0.2165 | 0.7655 | SgN |
|     0 |    71 |   133 | 20.01 | -0.67 |  23.3 |    2 |  3.1626 |  0.266 | 0.2345 | ScN |
|     0 |    71 |   220 | 20.01 | -0.67 |  41.8 |    1 |   3.321 |   0.18 |    1.0 | ScN |
|     0 |    71 |   237 | 20.01 | -0.67 |  45.4 |    1 |  3.3639 | 0.1763 |    1.0 | ScN |
|     0 |    71 |   250 | 20.01 | -0.67 |  48.2 |    1 |  3.3953 | 0.1779 |    1.0 | ScN |
|     0 |    72 |   134 | 20.01 | -0.66 |  23.5 |    1 |  1.8426 | 0.2168 | 0.7516 | SgN |
|     0 |    72 |   134 | 20.01 | -0.66 |  23.5 |    2 |  3.1631 | 0.2649 | 0.2484 | ScN |
|     0 |    72 |   218 | 20.01 | -0.66 |  41.4 |    1 |  3.3161 |  0.181 |    1.0 | ScN |
|     0 |    72 |   235 | 20.01 | -0.66 |  45.0 |    1 |  3.3593 | 0.1765 |    1.0 | ScN |
|     0 |    73 |   219 | 20.01 | -0.66 |  41.6 |    1 |  3.3186 | 0.1806 |    1.0 | ScN |
|     0 |    73 |   235 | 20.01 | -0.66 |  45.0 |    1 |  3.3593 | 0.1765 |    1.0 | ScN |
|     0 |    74 |   223 | 20.01 | -0.65 |  42.4 |    1 |  3.3283 | 0.1791 |    1.0 | ScN |
|     0 |    74 |   331 | 20.01 | -0.65 |  65.4 |    1 |  3.7479 | 0.4335 | 0.3179 | ScN |
|     0 |    74 |   331 | 20.01 | -0.65 |  65.4 |    2 |  5.0129 | 0.3225 | 0.6821 | Nor |
|     0 |    75 |   136 | 20.01 | -0.64 |  24.0 |    1 |  1.8489 | 0.2175 | 0.7142 | SgN |
|     0 |    75 |   136 | 20.01 | -0.64 |  24.0 |    2 |  3.1639 | 0.2623 | 0.2858 | ScN |
|     0 |    75 |   218 | 20.01 | -0.64 |  41.4 |    1 |   3.316 | 0.1813 |    1.0 | ScN |
|     0 |    75 |   234 | 20.01 | -0.64 |  44.8 |    1 |   3.357 | 0.1768 |    1.0 | ScN |
|     0 |    75 |   331 | 20.01 | -0.64 |  65.4 |    1 |  3.7514 |  0.435 | 0.3129 | ScN |
|     0 |    75 |   331 | 20.01 | -0.64 |  65.4 |    2 |  5.0162 | 0.3234 | 0.6871 | Nor |
|     0 |    76 |   136 | 20.01 | -0.64 |  24.0 |    1 |  1.8489 | 0.2175 | 0.7142 | SgN |
|     0 |    76 |   136 | 20.01 | -0.64 |  24.0 |    2 |  3.1639 | 0.2623 | 0.2858 | ScN |
|     0 |    76 |   218 | 20.01 | -0.64 |  41.4 |    1 |   3.316 | 0.1813 |    1.0 | ScN |
|     0 |    76 |   230 | 20.01 | -0.64 |  43.9 |    1 |  3.3465 | 0.1774 |    1.0 | ScN |
|     0 |    76 |   283 | 20.01 | -0.64 |  55.2 |    1 |  3.4574 | 0.1954 |    1.0 | ScN |
|     0 |    76 |   330 | 20.01 | -0.64 |  65.2 |    1 |  3.7494 | 0.4322 | 0.3249 | ScN |
|     0 |    76 |   330 | 20.01 | -0.64 |  65.2 |    2 |  5.0167 | 0.3255 | 0.6751 | Nor |
|     0 |    77 |   136 | 20.01 | -0.63 |  24.0 |    1 |   1.849 | 0.2175 | 0.7144 | SgN |
|     0 |    77 |   136 | 20.01 | -0.63 |  24.0 |    2 |  3.1637 | 0.2623 | 0.2856 | ScN |
|     0 |    77 |   223 | 20.01 | -0.63 |  42.4 |    1 |  3.3283 | 0.1794 |    1.0 | ScN |
|     0 |    77 |   328 | 20.01 | -0.63 |  64.8 |    1 |  3.7482 | 0.4275 | 0.3458 | ScN |
|     0 |    77 |   328 | 20.01 | -0.63 |  64.8 |    2 |  5.0208 | 0.3299 | 0.6542 | Nor |
|     0 |    78 |   137 | 20.01 | -0.63 |  24.2 |    1 |  1.8514 | 0.2179 | 0.6982 | SgN |
|     0 |    78 |   137 | 20.01 | -0.63 |  24.2 |    2 |  3.1641 | 0.2613 | 0.3018 | ScN |
|     0 |    78 |   224 | 20.01 | -0.63 |  42.7 |    1 |  3.3319 | 0.1789 |    1.0 | ScN |
|     0 |    78 |   267 | 20.01 | -0.63 |  51.8 |    1 |  3.4324 | 0.1847 |    1.0 | ScN |
|     0 |    78 |   327 | 20.01 | -0.63 |  64.5 |    1 |   3.744 | 0.4224 | 0.3662 | ScN |
|     0 |    78 |   327 | 20.01 | -0.63 |  64.5 |    2 |  5.0216 | 0.3325 | 0.6338 | Nor |
|     0 |    79 |   136 | 20.01 | -0.62 |  24.0 |    1 |   1.849 | 0.2175 | 0.7147 | SgN |
|     0 |    79 |   136 | 20.01 | -0.62 |  24.0 |    2 |  3.1633 | 0.2624 | 0.2853 | ScN |
|     0 |    79 |   224 | 20.01 | -0.62 |  42.7 |    1 |  3.3319 | 0.1791 |    1.0 | ScN |
|     0 |    79 |   233 | 20.01 | -0.62 |  44.6 |    1 |  3.3547 | 0.1772 |    1.0 | ScN |
|     0 |    79 |   278 | 20.01 | -0.62 |  54.1 |    1 |  3.4509 |  0.192 |    1.0 | ScN |
|     0 |    80 |   137 | 20.01 | -0.61 |  24.2 |    1 |  1.8515 | 0.2179 | 0.6988 | SgN |
|     0 |    80 |   137 | 20.01 | -0.61 |  24.2 |    2 |  3.1635 | 0.2614 | 0.3012 | ScN |
|     0 |    80 |   226 | 20.01 | -0.61 |  43.1 |    1 |  3.3367 | 0.1787 |    1.0 | ScN |
|     0 |    80 |   249 | 20.01 | -0.61 |  48.0 |    1 |  3.3936 | 0.1787 |    1.0 | ScN |
|     0 |    80 |   328 | 20.01 | -0.61 |  64.8 |    1 |  3.7549 | 0.4307 | 0.3362 | ScN |
|     0 |    80 |   328 | 20.01 | -0.61 |  64.8 |    2 |  5.0277 | 0.3318 | 0.6638 | Nor |
|     0 |    81 |   137 | 20.01 | -0.61 |  24.2 |    1 |  1.8515 | 0.2179 | 0.6988 | SgN |
|     0 |    81 |   137 | 20.01 | -0.61 |  24.2 |    2 |  3.1635 | 0.2614 | 0.3012 | ScN |
|     0 |    81 |   227 | 20.01 | -0.61 |  43.3 |    1 |  3.3391 | 0.1784 |    1.0 | ScN |
|     0 |    81 |   249 | 20.01 | -0.61 |  48.0 |    1 |  3.3936 | 0.1787 |    1.0 | ScN |
|     0 |    82 |   136 | 20.01 |  -0.6 |  24.0 |    1 |  1.8491 | 0.2175 | 0.7154 | SgN |
|     0 |    82 |   136 | 20.01 |  -0.6 |  24.0 |    2 |  3.1628 | 0.2625 | 0.2846 | ScN |
|     0 |    82 |   229 | 20.01 |  -0.6 |  43.7 |    1 |  3.3441 | 0.1782 |    1.0 | ScN |
|     0 |    82 |   250 | 20.01 |  -0.6 |  48.2 |    1 |  3.3959 | 0.1791 |    1.0 | ScN |
|     0 |    83 |   136 | 20.01 |  -0.6 |  24.0 |    1 |  1.8491 | 0.2175 | 0.7154 | SgN |
|     0 |    83 |   136 | 20.01 |  -0.6 |  24.0 |    2 |  3.1628 | 0.2625 | 0.2846 | ScN |
|     0 |    83 |   231 | 20.01 |  -0.6 |  44.1 |    1 |  3.3488 | 0.1778 |    1.0 | ScN |
|     0 |    83 |   250 | 20.01 |  -0.6 |  48.2 |    1 |  3.3959 | 0.1791 |    1.0 | ScN |
|     0 |    83 |   280 | 20.01 |  -0.6 |  54.6 |    1 |  3.4547 | 0.1942 |    1.0 | ScN |
|     0 |    84 |   136 | 20.01 | -0.59 |  24.0 |    1 |  1.8491 | 0.2175 | 0.7159 | SgN |
|     0 |    84 |   136 | 20.01 | -0.59 |  24.0 |    2 |  3.1625 | 0.2625 | 0.2841 | ScN |
|     0 |    84 |   232 | 20.01 | -0.59 |  44.4 |    1 |  3.3524 | 0.1778 |    1.0 | ScN |
|     0 |    84 |   250 | 20.01 | -0.59 |  48.2 |    1 |   3.396 | 0.1793 |    1.0 | ScN |
|     0 |    84 |   278 | 20.01 | -0.59 |  54.1 |    1 |  3.4515 | 0.1926 |    1.0 | ScN |
|     0 |    85 |   135 | 20.01 | -0.58 |  23.7 |    1 |  1.8456 |  0.217 | 0.7393 | SgN |
|     0 |    85 |   135 | 20.01 | -0.58 |  23.7 |    2 |  3.1615 | 0.2641 | 0.2607 | ScN |
|     0 |    85 |   231 | 20.01 | -0.58 |  44.1 |    1 |  3.3488 | 0.1781 |    1.0 | ScN |
|     0 |    85 |   250 | 20.01 | -0.58 |  48.2 |    1 |   3.396 | 0.1795 |    1.0 | ScN |
|     0 |    85 |   278 | 20.01 | -0.58 |  54.1 |    1 |  3.4517 | 0.1928 |    1.0 | ScN |
|     0 |    86 |   136 | 20.01 | -0.58 |  24.0 |    1 |  1.8492 | 0.2175 | 0.7164 | SgN |
|     0 |    86 |   136 | 20.01 | -0.58 |  24.0 |    2 |  3.1622 | 0.2626 | 0.2836 | ScN |
|     0 |    86 |   233 | 20.01 | -0.58 |  44.6 |    1 |  3.3547 | 0.1779 |    1.0 | ScN |
|     0 |    86 |   250 | 20.01 | -0.58 |  48.2 |    1 |   3.396 | 0.1795 |    1.0 | ScN |
|     0 |    86 |   279 | 20.01 | -0.58 |  54.3 |    1 |  3.4531 | 0.1935 |    1.0 | ScN |
|     0 |    86 |   329 | 20.01 | -0.58 |  65.0 |    1 |  3.7679 | 0.4385 | 0.3093 | ScN |
|     0 |    86 |   329 | 20.01 | -0.58 |  65.0 |    2 |  5.0374 | 0.3329 | 0.6907 | Nor |
|     0 |    87 |   233 | 20.01 | -0.57 |  44.6 |    1 |  3.3547 |  0.178 |    1.0 | ScN |
|     0 |    87 |   251 | 20.01 | -0.57 |  48.4 |    1 |  3.3999 | 0.1783 |    1.0 | ScN |
|     0 |    87 |   280 | 20.01 | -0.57 |  54.6 |    1 |  3.4552 | 0.1948 |    1.0 | ScN |
|     0 |    87 |   326 | 20.01 | -0.57 |  64.3 |    1 |    3.76 | 0.4279 | 0.3515 | ScN |
|     0 |    87 |   326 | 20.01 | -0.57 |  64.3 |    2 |  5.0433 | 0.3393 | 0.6485 | Nor |
|     0 |    88 |   134 | 20.01 | -0.56 |  23.5 |    1 |  1.8432 | 0.2167 | 0.7549 | SgN |
|     0 |    88 |   134 | 20.01 | -0.56 |  23.5 |    2 |  3.1603 | 0.2652 | 0.2451 | ScN |
|     0 |    88 |   236 | 20.01 | -0.56 |  45.2 |    1 |  3.3617 |  0.178 |    1.0 | ScN |
|     0 |    88 |   250 | 20.01 | -0.56 |  48.2 |    1 |  3.3961 | 0.1798 |    1.0 | ScN |
