GLON GLAT VLSR a b pa d_VLSR p_far cos_pa sin_pa aa bb GName
10.1600 -0.3500 -15.7000 0.0292 0.0292 0 4.0500 0.5 1.0 0.0 0.0008511725208526234 0.0008511725208526234 G010.160-00.350
10.3089 -0.1494 -15.7000 0.0451 0.0451 0 4.0500 0.5 1.0 0.0 0.002032394237673611 0.002032394237673611 G010.308-00.150
10.6211 -0.3178 -10.0000 0.0059 0.0059 0 4.0500 0.5 1.0 0.0 3.484278549382716e-05 3.484278549382716e-05 G010.621-00.318
10.6296 -0.3419 -9.1000 0.0018 0.0018 0 4.0500 0.5 1.0 0.0 3.2444014938271607e-06 3.2444014938271607e-06 G010.629-00.342
10.6297 -0.3383 -9.1000 0.0059 0.0059 0 4.0500 0.5 1.0 0.0 3.484278549382716e-05 3.484278549382716e-05 G010.629-00.339
10.9646 0.0067 17.7000 0.0054 0.0054 0 4.0500 0.5 1.0 0.0 2.8929158673611113e-05 2.8929158673611113e-05 G010.964+00.006
11.1122 -0.4011 2.1000 0.0083 0.0083 0 4.0500 0.5 1.0 0.0 6.944444444444444e-05 6.944444444444444e-05 G011.112-00.402
11.8932 0.7488 25.1000 0.0253 0.0253 0 4.0500 -0.5 1.0 0.0 0.0006398791840277778 0.0006398791840277778 G011.893+00.748
12.4299 -0.0481 -18.4000 0.0083 0.0083 0 4.0500 0.5 1.0 0.0 6.944444444444444e-05 6.944444444444444e-05 G012.429-00.049
12.4744 -1.1397 41.0000 0.0458 0.0458 0 4.0500 -0.5 1.0 0.0 0.002095248904012346 0.002095248904012346 G012.474-01.140
12.4760 -1.1019 41.0000 0.0211 0.0211 0 4.0500 -0.5 1.0 0.0 0.00044597813659336415 0.00044597813659336415 G012.476-01.102
12.6324 -0.0173 33.5000 0.0083 0.0083 0 4.0500 0.5 1.0 0.0 6.944444444444444e-05 6.944444444444444e-05 G012.632-00.018
12.7427 0.3907 20.7000 0.0746 0.0746 0 4.0500 -0.5 1.0 0.0 0.0055711295999999995 0.0055711295999999995 G012.742+00.390
12.7748 0.3307 15.8000 0.0083 0.0083 0 4.0500 0.5 1.0 0.0 6.944444444444444e-05 6.944444444444444e-05 G012.774+00.330
13.1315 -0.1483 40.6000 0.0051 0.0051 0 4.0500 0.5 1.0 0.0 2.59486945001929e-05 2.59486945001929e-05 G013.131-00.149
14.2079 -0.1921 36.1000 0.0845 0.0845 0 4.0500 -0.5 1.0 0.0 0.007143700833506944 0.007143700833506944 G014.207-00.193
14.5762 0.0913 -15.7000 0.0596 0.0596 0 4.0500 0.5 1.0 0.0 0.0035486014472415122 0.0035486014472415122 G014.576+00.091
14.6670 -0.4767 27.5000 0.0399 0.0399 0 4.0500 0.5 1.0 0.0 0.0015915002074845678 0.0015915002074845678 G014.667-00.477
15.1280 3.3100 18.8000 0.1577 0.1577 0 4.0500 -0.5 1.0 0.0 0.024878490017361112 0.024878490017361112 G015.128+03.310
15.2121 0.1675 69.2000 0.0245 0.0245 0 4.0500 -0.5 1.0 0.0 0.0006024433889660495 0.0006024433889660495 G015.212+00.167
15.6766 -0.2877 61.8000 0.0424 0.0424 0 4.0500 0.5 1.0 0.0 0.0018014483342785495 0.0018014483342785495 G015.676-00.288
16.2859 -0.1707 49.5000 0.0157 0.0157 0 4.0500 -0.5 1.0 0.0 0.00024752466684027776 0.00024752466684027776 G016.285-00.171
16.4248 -0.2004 44.5000 0.0083 0.0083 0 4.0500 -0.5 1.0 0.0 6.944467592611884e-05 6.944467592611884e-05 G016.424-00.201
16.6482 -0.3566 44.9000 0.0674 0.0674 0 4.0500 -0.5 1.0 0.0 0.00454365871111111 0.00454365871111111 G016.648-00.357
16.8567 -1.1553 20.4000 0.0999 0.0999 0 4.0500 -0.5 1.0 0.0 0.009970466282716051 0.009970466282716051 G016.856-01.156
16.9442 -0.0732 -4.5000 0.0059 0.0059 0 4.0500 0.5 1.0 0.0 3.484278549382716e-05 3.484278549382716e-05 G016.944-00.074
16.9931 0.8738 -15.7000 0.1562 0.1562 0 4.0500 0.5 1.0 0.0 0.02438932918402778 0.02438932918402778 G016.993+00.873
17.3366 -0.1453 -6.2000 0.0143 0.0143 0 4.0500 0.5 1.0 0.0 0.0002037518340277778 0.0002037518340277778 G017.336-00.146
17.6380 0.1578 25.2000 0.0075 0.0075 0 4.0500 0.5 1.0 0.0 5.576106711111111e-05 5.576106711111111e-05 G017.638+00.157
17.9280 -0.6770 39.1000 0.0229 0.0229 0 4.0500 0.5 1.0 0.0 0.0005241746652970678 0.0005241746652970678 G017.928-00.677
18.0762 0.0681 58.2000 0.0106 0.0106 0 4.0500 0.5 1.0 0.0 0.00011304798882889659 0.00011304798882889659 G018.076+00.068
18.1446 -0.2800 -15.7000 0.0255 0.0255 0 4.0500 0.5 1.0 0.0 0.0006519936673611112 0.0006519936673611112 G018.144-00.281
18.1523 0.0908 53.0000 0.0130 0.0130 0 4.0500 -0.5 1.0 0.0 0.00016835458960667434 0.00016835458960667434 G018.152+00.090
18.1874 -0.4149 43.2000 0.0314 0.0314 0 4.0500 -0.5 1.0 0.0 0.0009889103148919753 0.0009889103148919753 G018.187-00.415
18.1951 -0.1706 46.1000 0.0090 0.0090 0 4.0500 0.5 1.0 0.0 8.027363575308639e-05 8.027363575308639e-05 G018.195-00.171
18.2189 0.3979 -0.4000 0.0242 0.0242 0 4.0500 0.5 1.0 0.0 0.0005871736694444444 0.0005871736694444444 G018.218+00.397
18.2535 -0.2978 50.9000 0.0285 0.0285 0 4.0500 -0.5 1.0 0.0 0.0008111816015625 0.0008111816015625 G018.253-00.298
18.3050 -0.3910 32.7000 0.0083 0.0083 0 4.0500 -0.5 1.0 0.0 6.944444444444444e-05 6.944444444444444e-05 G018.305-00.391
18.3293 0.0244 50.4000 0.0135 0.0135 0 4.0500 0.5 1.0 0.0 0.00018096676681790127 0.00018096676681790127 G018.329+00.024
18.4510 -0.0158 56.5000 0.0090 0.0090 0 4.0500 0.5 1.0 0.0 8.126571756250001e-05 8.126571756250001e-05 G018.451-00.016
18.4611 -0.0030 56.5000 0.0040 0.0040 0 4.0500 0.5 1.0 0.0 1.583465163271605e-05 1.583465163271605e-05 G018.461-00.003
18.5840 0.3440 10.8000 0.0059 0.0059 0 4.0500 0.5 1.0 0.0 3.484278549382716e-05 3.484278549382716e-05 G018.584+00.344
18.6571 -0.0563 44.1000 0.0115 0.0115 0 4.0500 0.5 1.0 0.0 0.00013202839846373457 0.00013202839846373457 G018.657-00.057
18.6699 1.9650 -15.7000 0.0378 0.0378 0 4.0500 0.5 1.0 0.0 0.001430394422530864 0.001430394422530864 G018.669+01.965
18.7412 0.2507 19.1000 0.0095 0.0095 0 4.0500 0.5 1.0 0.0 8.931037517361113e-05 8.931037517361113e-05 G018.741+00.250
18.8320 -0.3000 46.4000 0.0059 0.0059 0 4.0500 0.5 1.0 0.0 3.484278549382716e-05 3.484278549382716e-05 G018.832-00.300
18.8810 -0.4930 65.5000 0.0153 0.0153 0 4.0500 -0.5 1.0 0.0 0.0002331559336419753 0.0002331559336419753 G018.881-00.493
18.9780 0.0308 52.3000 0.0383 0.0383 0 4.0500 -0.5 1.0 0.0 0.0014649543611882712 0.0014649543611882712 G018.978+00.030
19.0308 0.4238 25.4000 0.0108 0.0108 0 4.0500 0.5 1.0 0.0 0.00011673211818074846 0.00011673211818074846 G019.030+00.423
19.0451 -0.5877 68.2000 0.0168 0.0168 0 4.0500 -0.5 1.0 0.0 0.0002823846852044753 0.0002823846852044753 G019.045-00.588
19.0643 -0.2816 -15.7000 0.0111 0.0111 0 4.0500 0.5 1.0 0.0 0.00012279933443074846 0.00012279933443074846 G019.064-00.282
19.4809 0.1560 19.8000 0.0073 0.0073 0 4.0500 0.5 1.0 0.0 5.2880570009452164e-05 5.2880570009452164e-05 G019.480+00.155
19.4896 0.1353 19.8000 0.0073 0.0073 0 4.0500 -0.5 1.0 0.0 5.2880570009452164e-05 5.2880570009452164e-05 G019.489+00.135
19.5048 -0.1928 37.8000 0.0072 0.0072 0 4.0500 0.5 1.0 0.0 5.144415854340278e-05 5.144415854340278e-05 G019.504-00.193
19.5541 -0.2476 41.0000 0.0266 0.0266 0 4.0500 0.5 1.0 0.0 0.0007075526111304013 0.0007075526111304013 G019.554-00.248
19.6049 -0.9049 38.7000 0.0083 0.0083 0 4.0500 0.5 1.0 0.0 6.944444444444444e-05 6.944444444444444e-05 G019.604-00.905
19.6093 -0.2384 -15.7000 0.0120 0.0120 0 4.0500 0.5 1.0 0.0 0.00014299941088908178 0.00014299941088908178 G019.609-00.239
19.6291 -0.0941 58.6000 0.0455 0.0455 0 4.0500 0.5 1.0 0.0 0.0020693148278549383 0.0020693148278549383 G019.629-00.095
19.6665 -0.3083 44.3000 0.0099 0.0099 0 4.0500 0.5 1.0 0.0 9.84615188271605e-05 9.84615188271605e-05 G019.666-00.309
19.6758 -0.2254 -15.7000 0.0294 0.0294 0 4.0500 0.5 1.0 0.0 0.0008650379662229939 0.0008650379662229939 G019.675-00.226
19.6771 -0.1333 55.0000 0.0083 0.0083 0 4.0500 0.5 1.0 0.0 6.944444444444444e-05 6.944444444444444e-05 G019.677-00.134
19.7164 -0.2607 40.1000 0.0082 0.0082 0 4.0500 0.5 1.0 0.0 6.691580837673611e-05 6.691580837673611e-05 G019.716-00.261
19.7280 -0.1130 57.3000 0.0059 0.0059 0 4.0500 0.5 1.0 0.0 3.484278549382716e-05 3.484278549382716e-05 G019.728-00.113
19.7410 0.2800 16.3000 0.0059 0.0059 0 4.0500 0.5 1.0 0.0 3.484278549382716e-05 3.484278549382716e-05 G019.741+00.280
19.7807 0.2866 -9.3000 0.0154 0.0154 0 4.0500 0.5 1.0 0.0 0.00023828638983410495 0.00023828638983410495 G019.780+00.286
20.0706 -0.1434 42.2000 0.0046 0.0046 0 4.0500 0.5 1.0 0.0 2.074334373630401e-05 2.074334373630401e-05 G020.070-00.144
20.0771 -0.1405 42.2000 0.0046 0.0046 0 4.0500 0.5 1.0 0.0 2.074334373630401e-05 2.074334373630401e-05 G020.077-00.141
20.0837 -0.1341 42.2000 0.0046 0.0046 0 4.0500 0.5 1.0 0.0 2.074334373630401e-05 2.074334373630401e-05 G020.083-00.135
20.0980 -0.1230 43.4000 0.0059 0.0059 0 4.0500 0.5 1.0 0.0 3.484278549382716e-05 3.484278549382716e-05 G020.098-00.123
20.2270 0.1100 22.1000 0.0099 0.0099 0 4.0500 0.5 1.0 0.0 9.743801197704479e-05 9.743801197704479e-05 G020.227+00.110
20.3630 -0.0140 54.1000 0.0059 0.0059 0 4.0500 0.5 1.0 0.0 3.484278549382716e-05 3.484278549382716e-05 G020.363-00.014
20.4575 0.0215 73.8000 0.0146 0.0146 0 4.0500 0.5 1.0 0.0 0.00021236180418595678 0.00021236180418595678 G020.457+00.021
20.4817 0.1688 24.1000 0.0215 0.0215 0 4.0500 0.5 1.0 0.0 0.0004634452160493827 0.0004634452160493827 G020.481+00.168
20.5420 -0.1788 48.6000 0.0252 0.0252 0 4.0500 -0.5 1.0 0.0 0.000635516089197531 0.000635516089197531 G020.542-00.179
20.7289 -0.1041 -15.7000 0.0553 0.0553 0 4.0500 0.5 1.0 0.0 0.003052777364891976 0.003052777364891976 G020.728-00.105
20.9669 -0.4545 38.5000 0.1282 0.1282 0 4.0500 0.5 1.0 0.0 0.016427406489197532 0.016427406489197532 G020.966-00.455
20.9880 0.0920 18.6000 0.0182 0.0182 0 4.0500 0.5 1.0 0.0 0.0003304619019290123 0.0003304619019290123 G020.988+00.092
21.0040 -0.0560 28.8000 0.0059 0.0059 0 4.0500 0.5 1.0 0.0 3.484278549382716e-05 3.484278549382716e-05 G021.004-00.056
21.3860 -0.2540 91.2000 0.0080 0.0080 0 4.0500 -0.5 1.0 0.0 6.400200001562501e-05 6.400200001562501e-05 G021.386-00.255
21.4265 -0.5457 70.2000 0.0083 0.0083 0 4.0500 -0.5 1.0 0.0 6.944444444444444e-05 6.944444444444444e-05 G021.426-00.546
21.6031 -0.1687 -4.7000 0.0044 0.0044 0 4.0500 0.5 1.0 0.0 1.959697632889661e-05 1.959697632889661e-05 G021.603-00.169
21.7460 -0.0340 20.0000 0.0119 0.0119 0 4.0500 0.5 1.0 0.0 0.00014073637102797066 0.00014073637102797066 G021.746-00.035
21.8729 -0.0433 17.1000 0.0140 0.0140 0 4.0500 0.5 1.0 0.0 0.00019467613196373458 0.00019467613196373458 G021.872-00.044
21.8733 0.0059 26.9000 0.0083 0.0083 0 4.0500 0.5 1.0 0.0 6.944444444444444e-05 6.944444444444444e-05 G021.873+00.005
21.8843 -0.3174 79.5000 0.0488 0.0488 0 4.0500 0.5 1.0 0.0 0.0023820907111111117 0.0023820907111111117 G021.884-00.318
22.3571 0.0644 82.5000 0.0083 0.0083 0 4.0500 -0.5 1.0 0.0 6.944467592611884e-05 6.944467592611884e-05 G022.357+00.064
22.7240 -0.0100 38.9000 0.0059 0.0059 0 4.0500 0.5 1.0 0.0 3.484278549382716e-05 3.484278549382716e-05 G022.724-00.010
22.7616 -0.4919 74.8000 0.0219 0.0219 0 4.0500 -0.5 1.0 0.0 0.00048105283350694444 0.00048105283350694444 G022.761-00.492
22.7800 -0.4005 70.0000 0.0138 0.0138 0 4.0500 0.5 1.0 0.0 0.00019137456042148918 0.00019137456042148918 G022.780-00.401
22.8795 0.6452 31.0000 0.0587 0.0587 0 4.0500 -0.5 1.0 0.0 0.003451138207484568 0.003451138207484568 G022.879+00.645
22.9527 -0.3170 70.9000 0.0060 0.0060 0 4.0500 -0.5 1.0 0.0 3.5783327006944444e-05 3.5783327006944444e-05 G022.952-00.317
22.9886 -0.3592 74.1000 0.0211 0.0211 0 4.0500 -0.5 1.0 0.0 0.0004440444027970679 0.0004440444027970679 G022.988-00.360
23.0971 0.5275 29.5000 0.0548 0.0548 0 4.0500 -0.5 1.0 0.0 0.003000696235262346 0.003000696235262346 G023.097+00.527
23.1959 -0.0008 90.7000 0.0083 0.0083 0 4.0500 0.5 1.0 0.0 6.944444444444444e-05 6.944444444444444e-05 G023.195-00.001
23.2400 -0.2400 76.3000 0.0158 0.0158 0 4.0500 -0.5 1.0 0.0 0.0002488330975308642 0.0002488330975308642 G023.240-00.240
23.2643 0.0776 78.2000 0.0083 0.0083 0 4.0500 0.5 1.0 0.0 6.944444444444444e-05 6.944444444444444e-05 G023.264+00.077
23.2769 0.3143 108.8000 0.0205 0.0205 0 4.0500 -0.5 1.0 0.0 0.00042052337777777777 0.00042052337777777777 G023.276+00.314
23.5722 -0.0194 91.3000 0.0489 0.0489 0 4.0500 -0.5 1.0 0.0 0.0023863225000000004 0.0023863225000000004 G023.572-00.020
23.5815 -0.3997 90.1000 0.0507 0.0507 0 4.0500 -0.5 1.0 0.0 0.0025739415745563276 0.0025739415745563276 G023.581-00.400
23.5850 0.0290 92.2000 0.0059 0.0059 0 4.0500 -0.5 1.0 0.0 3.484278549382716e-05 3.484278549382716e-05 G023.585+00.029
23.6610 -0.2520 66.2000 0.0079 0.0079 0 4.0500 0.5 1.0 0.0 6.178309338271607e-05 6.178309338271607e-05 G023.661-00.252
23.7058 0.1658 -15.7000 0.0064 0.0064 0 4.0500 0.5 1.0 0.0 4.117093754340278e-05 4.117093754340278e-05 G023.705+00.165
23.7080 0.1743 -15.7000 0.0239 0.0239 0 4.0500 0.5 1.0 0.0 0.0005703141015625 0.0005703141015625 G023.708+00.174
23.7134 0.1756 -15.7000 0.0062 0.0062 0 4.0500 0.5 1.0 0.0 3.8702914694444444e-05 3.8702914694444444e-05 G023.713+00.175
23.7872 0.2236 107.4000 0.0263 0.0263 0 4.0500 0.5 1.0 0.0 0.0006942785840277777 0.0006942785840277777 G023.787+00.223
23.8727 -0.1190 73.8000 0.0083 0.0083 0 4.0500 0.5 1.0 0.0 6.944444444444444e-05 6.944444444444444e-05 G023.872-00.119
23.8975 0.0643 38.4000 0.0036 0.0036 0 4.0500 -0.5 1.0 0.0 1.2868163271604937e-05 1.2868163271604937e-05 G023.897+00.064
23.9075 0.0742 38.4000 0.0068 0.0068 0 4.0500 -0.5 1.0 0.0 4.644971502334105e-05 4.644971502334105e-05 G023.907+00.074
23.9576 0.1491 78.9000 0.0135 0.0135 0 4.0500 -0.5 1.0 0.0 0.00018293877454185958 0.00018293877454185958 G023.957+00.149
23.9808 -0.1097 75.8000 0.0067 0.0067 0 4.0500 0.5 1.0 0.0 4.431620375173612e-05 4.431620375173612e-05 G023.980-00.110
24.1263 -0.0658 86.9000 0.0166 0.0166 0 4.0500 0.5 1.0 0.0 0.0002752050588155864 0.0002752050588155864 G024.126-00.066
24.1382 0.1231 114.5000 0.0123 0.0123 0 4.0500 0.5 1.0 0.0 0.00015112672740817904 0.00015112672740817904 G024.138+00.123
24.1394 0.4323 98.4000 0.0224 0.0224 0 4.0500 -0.5 1.0 0.0 0.00050276850625 0.00050276850625 G024.139+00.432
24.1850 0.2116 111.9000 0.0247 0.0247 0 4.0500 0.5 1.0 0.0 0.0006116759460069443 0.0006116759460069443 G024.185+00.211
24.2170 -0.0436 82.0000 0.0083 0.0083 0 4.0500 0.5 1.0 0.0 6.944444444444444e-05 6.944444444444444e-05 G024.217-00.044
24.3476 0.0887 110.0000 0.0346 0.0346 0 4.0500 0.5 1.0 0.0 0.001195872457484568 0.001195872457484568 G024.347+00.088
24.4566 0.4891 -15.7000 0.0159 0.0159 0 4.0500 0.5 1.0 0.0 0.0002512973527970679 0.0002512973527970679 G024.456+00.489
24.4938 -0.2187 98.5000 0.0411 0.0411 0 4.0500 0.5 1.0 0.0 0.0016898493938271605 0.0016898493938271605 G024.493-00.219
24.4986 -0.0389 108.1000 0.0083 0.0083 0 4.0500 0.5 1.0 0.0 6.944444444444444e-05 6.944444444444444e-05 G024.498-00.039
24.5071 -0.2245 96.3000 0.0083 0.0083 0 4.0500 -0.5 1.0 0.0 6.944444444444444e-05 6.944444444444444e-05 G024.507-00.225
24.5076 0.2395 -15.7000 0.0513 0.0513 0 4.0500 0.5 1.0 0.0 0.0026353535240933646 0.0026353535240933646 G024.507+00.239
24.7241 -0.0834 109.7000 0.0353 0.0353 0 4.0500 0.5 1.0 0.0 0.0012459233111304015 0.0012459233111304015 G024.724-00.084
24.7289 0.1590 109.3000 0.0105 0.0105 0 4.0500 -0.5 1.0 0.0 0.00011017622068074849 0.00011017622068074849 G024.728+00.159
24.7345 0.0871 111.3000 0.0119 0.0119 0 4.0500 -0.5 1.0 0.0 0.0001412948255625 0.0001412948255625 G024.734+00.087
24.7431 -0.2094 82.6000 0.0155 0.0155 0 4.0500 -0.5 1.0 0.0 0.00023912326859567898 0.00023912326859567898 G024.743-00.210
24.8441 0.0939 -15.7000 0.0348 0.0348 0 4.0500 0.5 1.0 0.0 0.0012143482562499998 0.0012143482562499998 G024.844+00.093
25.2867 0.2980 39.6000 0.0280 0.0280 0 4.0500 -0.5 1.0 0.0 0.0007832457370563271 0.0007832457370563271 G025.286+00.298
25.2917 -0.3023 63.7000 0.0394 0.0394 0 4.0500 0.5 1.0 0.0 0.001548739502334105 0.001548739502334105 G025.291-00.303
25.3827 -0.1505 -15.7000 0.0633 0.0633 0 4.0500 0.5 1.0 0.0 0.0040115509379822535 0.0040115509379822535 G025.382-00.151
25.3860 -0.3470 62.1000 0.0302 0.0302 0 4.0500 0.5 1.0 0.0 0.0009129965840277779 0.0009129965840277779 G025.386-00.347
25.3978 0.0337 -14.4000 0.0055 0.0055 0 4.0500 0.5 1.0 0.0 3.038627814062501e-05 3.038627814062501e-05 G025.397+00.033
25.3980 0.5620 12.9000 0.0059 0.0059 0 4.0500 0.5 1.0 0.0 3.484278549382716e-05 3.484278549382716e-05 G025.398+00.562
25.4012 0.0217 -14.4000 0.0040 0.0040 0 4.0500 0.5 1.0 0.0 1.5914004750192898e-05 1.5914004750192898e-05 G025.401+00.021
25.4770 0.0400 -14.6000 0.0059 0.0059 0 4.0500 0.5 1.0 0.0 3.484278549382716e-05 3.484278549382716e-05 G025.477+00.040
25.6514 -0.0308 87.5000 0.0132 0.0132 0 4.0500 0.5 1.0 0.0 0.0001749704305748457 0.0001749704305748457 G025.651-00.031
25.7967 0.2398 112.1000 0.0033 0.0033 0 4.0500 -0.5 1.0 0.0 1.111111111111111e-05 1.111111111111111e-05 G025.796+00.239
25.8012 -0.1570 99.0000 0.0090 0.0090 0 4.0500 -0.5 1.0 0.0 8.0423778449267e-05 8.0423778449267e-05 G025.801-00.158
25.8673 0.1189 -15.7000 0.0896 0.0896 0 4.0500 0.5 1.0 0.0 0.00802071994677855 0.00802071994677855 G025.867+00.118
26.3846 1.4012 41.7000 0.0158 0.0158 0 4.0500 -0.5 1.0 0.0 0.00024807125007716047 0.00024807125007716047 G026.384+01.401
26.4431 1.7416 37.3000 0.0280 0.0280 0 4.0500 -0.5 1.0 0.0 0.0007835411782600308 0.0007835411782600308 G026.443+01.741
26.5214 -0.3160 104.2000 0.0553 0.0553 0 4.0500 0.5 1.0 0.0 0.0030553256250000003 0.0030553256250000003 G026.521-00.317
26.5425 0.4192 88.4000 0.0143 0.0143 0 4.0500 0.5 1.0 0.0 0.00020368046944444445 0.00020368046944444445 G026.542+00.419
26.5959 0.0952 102.5000 0.0083 0.0083 0 4.0500 0.5 1.0 0.0 6.944444444444444e-05 6.944444444444444e-05 G026.595+00.095
26.5977 -0.0237 19.4000 0.0037 0.0037 0 4.0500 0.5 1.0 0.0 1.3660518666859568e-05 1.3660518666859568e-05 G026.597-00.024
26.6100 -0.2120 -35.7000 0.0059 0.0059 0 4.0500 0.5 1.0 0.0 3.484278549382716e-05 3.484278549382716e-05 G026.610-00.212
26.7960 3.5291 5.6000 0.0822 0.0822 0 4.0500 -0.5 1.0 0.0 0.0067517491259452165 0.0067517491259452165 G026.796+03.529
26.7973 -0.1123 69.2000 0.1088 0.1088 0 4.0500 0.5 1.0 0.0 0.011847173555632714 0.011847173555632714 G026.797-00.113
26.8027 3.5270 5.6000 0.0097 0.0097 0 4.0500 -0.5 1.0 0.0 9.339235911188273e-05 9.339235911188273e-05 G026.802+03.526
26.9846 -0.0615 79.9000 0.0217 0.0217 0 4.0500 0.5 1.0 0.0 0.0004689931640625001 0.0004689931640625001 G026.984-00.062
27.1827 -0.0828 27.8000 0.0023 0.0023 0 4.0500 0.5 1.0 0.0 5.477225120563272e-06 5.477225120563272e-06 G027.182-00.083
27.1862 -0.0822 27.8000 0.0023 0.0023 0 4.0500 0.5 1.0 0.0 5.477225120563272e-06 5.477225120563272e-06 G027.186-00.083
27.1877 -0.0797 27.8000 0.0023 0.0023 0 4.0500 0.5 1.0 0.0 5.477225120563272e-06 5.477225120563272e-06 G027.187-00.080
27.2105 0.2823 5.9000 0.0059 0.0059 0 4.0500 0.5 1.0 0.0 3.484278549382716e-05 3.484278549382716e-05 G027.210+00.282
27.2792 0.1603 36.3000 0.0070 0.0070 0 4.0500 0.5 1.0 0.0 4.90709979214892e-05 4.90709979214892e-05 G027.279+00.160
27.2799 0.1437 36.3000 0.0046 0.0046 0 4.0500 0.5 1.0 0.0 2.1009490817901237e-05 2.1009490817901237e-05 G027.279+00.143
27.2814 -0.1319 92.3000 0.0341 0.0341 0 4.0500 -0.5 1.0 0.0 0.0011597146460069444 0.0011597146460069444 G027.281-00.132
27.4765 0.1790 34.0000 0.0174 0.0174 0 4.0500 0.5 1.0 0.0 0.0003034273673611111 0.0003034273673611111 G027.476+00.179
27.5620 0.0840 87.5000 0.0059 0.0059 0 4.0500 0.5 1.0 0.0 3.484278549382716e-05 3.484278549382716e-05 G027.562+00.084
27.5648 0.0901 87.5000 0.0027 0.0027 0 4.0500 0.5 1.0 0.0 7.04932000308642e-06 7.04932000308642e-06 G027.564+00.090
27.6113 0.0204 88.7000 0.0093 0.0093 0 4.0500 0.5 1.0 0.0 8.575557407426699e-05 8.575557407426699e-05 G027.611+00.020
27.6820 0.0760 100.2000 0.0162 0.0162 0 4.0500 -0.5 1.0 0.0 0.00026119498011188273 0.00026119498011188273 G027.682+00.076
27.9340 0.2060 50.6000 0.0059 0.0059 0 4.0500 -0.5 1.0 0.0 3.484278549382716e-05 3.484278549382716e-05 G027.934+00.206
27.9800 0.0800 76.6000 0.0083 0.0083 0 4.0500 0.5 1.0 0.0 6.944444444444444e-05 6.944444444444444e-05 G027.980+00.080
27.9970 0.3170 92.7000 0.0230 0.0230 0 4.0500 0.5 1.0 0.0 0.0005267981293402777 0.0005267981293402777 G027.997+00.317
28.0225 -0.0422 99.9000 0.0276 0.0276 0 4.0500 0.5 1.0 0.0 0.0007600666088155864 0.0007600666088155864 G028.022-00.043
28.1469 0.1469 89.2000 0.0203 0.0203 0 4.0500 -0.5 1.0 0.0 0.00041347268566743826 0.00041347268566743826 G028.146+00.146
28.2866 -0.3701 76.9000 0.0031 0.0031 0 4.0500 -0.5 1.0 0.0 9.409811876736112e-06 9.409811876736112e-06 G028.286-00.371
28.2875 -0.3648 76.9000 0.0083 0.0083 0 4.0500 -0.5 1.0 0.0 6.944444444444444e-05 6.944444444444444e-05 G028.287-00.365
28.3053 -0.3900 77.3000 0.0092 0.0092 0 4.0500 -0.5 1.0 0.0 8.414775112673612e-05 8.414775112673612e-05 G028.305-00.390
28.3200 1.2430 -39.2000 0.0083 0.0083 0 4.0500 0.5 1.0 0.0 6.944444444444444e-05 6.944444444444444e-05 G028.320+01.243
28.5810 0.1450 -13.0000 0.0059 0.0059 0 4.0500 0.5 1.0 0.0 3.484278549382716e-05 3.484278549382716e-05 G028.581+00.145
28.5908 -0.3519 89.0000 0.0094 0.0094 0 4.0500 -0.5 1.0 0.0 8.87675410650077e-05 8.87675410650077e-05 G028.590-00.352
28.6078 0.0197 96.6000 0.0031 0.0031 0 4.0500 -0.5 1.0 0.0 9.333788765625001e-06 9.333788765625001e-06 G028.607+00.019
28.6104 0.0155 96.6000 0.0075 0.0075 0 4.0500 -0.5 1.0 0.0 5.64754337501929e-05 5.64754337501929e-05 G028.610+00.015
28.6517 0.0265 102.4000 0.0047 0.0047 0 4.0500 0.5 1.0 0.0 2.2155718250192904e-05 2.2155718250192904e-05 G028.651+00.026
28.6884 0.1778 87.6000 0.0059 0.0059 0 4.0500 0.5 1.0 0.0 3.484278549382716e-05 3.484278549382716e-05 G028.688+00.177
28.7460 3.4590 -1.1000 0.1676 0.1676 0 4.0500 0.5 1.0 0.0 0.02809674376736111 0.02809674376736111 G028.746+03.458
28.8010 0.1702 107.6000 0.0083 0.0083 0 4.0500 0.5 1.0 0.0 6.944444444444444e-05 6.944444444444444e-05 G028.801+00.170
28.8230 -0.2260 90.6000 0.0187 0.0187 0 4.0500 -0.5 1.0 0.0 0.0003484548148919752 0.0003484548148919752 G028.823-00.226
28.8238 0.2363 98.8000 0.0219 0.0219 0 4.0500 0.5 1.0 0.0 0.00047902009816743835 0.00047902009816743835 G028.823+00.236
28.9830 -0.6033 52.6000 0.0249 0.0249 0 4.0500 -0.5 1.0 0.0 0.000620978711419753 0.000620978711419753 G028.983-00.604
29.0005 0.0850 67.7000 0.0162 0.0162 0 4.0500 0.5 1.0 0.0 0.000262822639371142 0.000262822639371142 G029.000+00.084
29.0198 0.1659 56.0000 0.0148 0.0148 0 4.0500 0.5 1.0 0.0 0.00022004425956790124 0.00022004425956790124 G029.019+00.165
29.0655 0.3871 21.9000 0.0631 0.0631 0 4.0500 0.5 1.0 0.0 0.003976878906250001 0.003976878906250001 G029.065+00.387
29.1107 -0.0228 52.4000 0.0245 0.0245 0 4.0500 0.5 1.0 0.0 0.0006003861188271604 0.0006003861188271604 G029.110-00.023
29.1655 -0.0349 61.7000 0.0381 0.0381 0 4.0500 0.5 1.0 0.0 0.0014508163585069446 0.0014508163585069446 G029.165-00.035
29.7700 0.2190 -31.3000 0.0059 0.0059 0 4.0500 0.5 1.0 0.0 3.484278549382716e-05 3.484278549382716e-05 G029.770+00.219
29.8164 2.2257 38.7000 0.0234 0.0234 0 4.0500 -0.5 1.0 0.0 0.0005498503901234567 0.0005498503901234567 G029.816+02.225
30.0220 -0.0420 94.9000 0.0085 0.0085 0 4.0500 0.5 1.0 0.0 7.16324779400077e-05 7.16324779400077e-05 G030.022-00.042
30.0368 -0.1661 98.2000 0.0369 0.0369 0 4.0500 0.5 1.0 0.0 0.001362789005111883 0.001362789005111883 G030.036-00.167
30.2115 0.4288 -15.4000 0.0052 0.0052 0 4.0500 0.5 1.0 0.0 2.6567152111111106e-05 2.6567152111111106e-05 G030.211+00.428
30.2520 0.0532 65.2000 0.0059 0.0059 0 4.0500 -0.5 1.0 0.0 3.484278549382716e-05 3.484278549382716e-05 G030.252+00.053
30.2550 0.0527 65.2000 0.0028 0.0028 0 4.0500 -0.5 1.0 0.0 7.71604938271605e-06 7.71604938271605e-06 G030.255+00.052
30.3380 -0.2510 102.5000 0.0516 0.0516 0 4.0500 0.5 1.0 0.0 0.002663104694521605 0.002663104694521605 G030.338-00.252
30.3653 -0.4897 101.8000 0.0320 0.0320 0 4.0500 0.5 1.0 0.0 0.0010233600999999999 0.0010233600999999999 G030.365-00.490
30.3800 -0.1100 99.8000 0.0083 0.0083 0 4.0500 -0.5 1.0 0.0 6.944444444444444e-05 6.944444444444444e-05 G030.380-00.110
30.7589 -0.0461 89.8000 0.0481 0.0481 0 4.0500 -0.5 1.0 0.0 0.0023175532065007718 0.0023175532065007718 G030.758-00.047
30.9553 0.0785 102.0000 0.0053 0.0053 0 4.0500 -0.5 1.0 0.0 2.778798010204476e-05 2.778798010204476e-05 G030.955+00.078
31.0169 -0.0388 101.2000 0.0313 0.0313 0 4.0500 0.5 1.0 0.0 0.0009771615501736111 0.0009771615501736111 G031.016-00.039
31.0343 0.4498 26.4000 0.0088 0.0088 0 4.0500 0.5 1.0 0.0 7.824287025000002e-05 7.824287025000002e-05 G031.034+00.449
31.0544 0.4911 27.9000 0.0233 0.0233 0 4.0500 0.5 1.0 0.0 0.0005446648371141974 0.0005446648371141974 G031.054+00.491
31.1590 0.0456 35.6000 0.0059 0.0059 0 4.0500 0.5 1.0 0.0 3.484278549382716e-05 3.484278549382716e-05 G031.159+00.045
31.1650 -0.1042 41.4000 0.0265 0.0265 0 4.0500 0.5 1.0 0.0 0.0007018084027777778 0.0007018084027777778 G031.165-00.105
31.2418 -0.1089 26.5000 0.0034 0.0034 0 4.0500 0.5 1.0 0.0 1.1334163890625e-05 1.1334163890625e-05 G031.241-00.109
31.2441 -0.1128 26.5000 0.0034 0.0034 0 4.0500 0.5 1.0 0.0 1.1334163890625e-05 1.1334163890625e-05 G031.244-00.113
31.2683 0.4787 -6.3000 0.0116 0.0116 0 4.0500 0.5 1.0 0.0 0.000134093505015625 0.000134093505015625 G031.268+00.478
31.3942 -0.2578 86.2000 0.0071 0.0071 0 4.0500 0.5 1.0 0.0 4.987066700694444e-05 4.987066700694444e-05 G031.394-00.258
31.4032 -0.2674 86.2000 0.0071 0.0071 0 4.0500 0.5 1.0 0.0 4.987066700694444e-05 4.987066700694444e-05 G031.403-00.268
31.4125 0.3090 100.9000 0.0083 0.0083 0 4.0500 -0.5 1.0 0.0 6.944444444444444e-05 6.944444444444444e-05 G031.412+00.309
31.4700 -0.3440 88.8000 0.0119 0.0119 0 4.0500 0.5 1.0 0.0 0.00014260207592901235 0.00014260207592901235 G031.470-00.344
31.5778 0.1038 99.9000 0.0163 0.0163 0 4.0500 -0.5 1.0 0.0 0.00026526003520447526 0.00026526003520447526 G031.577+00.103
31.7270 0.6980 -39.2000 0.0059 0.0059 0 4.0500 0.5 1.0 0.0 3.484278549382716e-05 3.484278549382716e-05 G031.727+00.698
31.8810 1.4170 54.4000 0.0906 0.0906 0 4.0500 -0.5 1.0 0.0 0.008213671025482252 0.008213671025482252 G031.881+01.417
32.1000 0.0894 93.0000 0.0083 0.0083 0 4.0500 0.5 1.0 0.0 6.944467592611884e-05 6.944467592611884e-05 G032.099+00.089
32.1522 0.1312 95.0000 0.0083 0.0083 0 4.0500 -0.5 1.0 0.0 6.944444444444444e-05 6.944444444444444e-05 G032.152+00.131
32.2720 -0.2260 21.5000 0.0059 0.0059 0 4.0500 0.5 1.0 0.0 3.484278549382716e-05 3.484278549382716e-05 G032.272-00.226
32.4731 0.2042 47.0000 0.0059 0.0059 0 4.0500 0.5 1.0 0.0 3.484278549382716e-05 3.484278549382716e-05 G032.473+00.204
32.5820 0.0010 77.4000 0.0115 0.0115 0 4.0500 0.5 1.0 0.0 0.00013315204682889662 0.00013315204682889662 G032.582+00.001
32.7330 0.2090 16.1000 0.0059 0.0059 0 4.0500 0.5 1.0 0.0 3.484278549382716e-05 3.484278549382716e-05 G032.733+00.209
32.8000 0.1900 14.9000 0.0155 0.0155 0 4.0500 0.5 1.0 0.0 0.0002396820027777778 0.0002396820027777778 G032.800+00.190
32.8704 -0.4267 50.6000 0.0176 0.0176 0 4.0500 0.5 1.0 0.0 0.00030926153402777775 0.00030926153402777775 G032.870-00.427
32.9280 0.6061 -38.3000 0.0091 0.0091 0 4.0500 0.5 1.0 0.0 8.320936367361112e-05 8.320936367361112e-05 G032.928+00.606
32.9828 -0.3377 49.3000 0.0183 0.0183 0 4.0500 0.5 1.0 0.0 0.00033509844909336415 0.00033509844909336415 G032.982-00.338
32.9900 0.0400 89.0000 0.0083 0.0083 0 4.0500 0.5 1.0 0.0 6.944444444444444e-05 6.944444444444444e-05 G032.990+00.040
33.0078 1.1508 -57.6000 0.0116 0.0116 0 4.0500 0.5 1.0 0.0 0.00013359089563445218 0.00013359089563445218 G033.007+01.150
33.0801 0.0733 86.9000 0.0153 0.0153 0 4.0500 0.5 1.0 0.0 0.00023470240000000002 0.00023470240000000002 G033.080+00.073
33.1340 -0.0927 87.4000 0.0052 0.0052 0 4.0500 -0.5 1.0 0.0 2.7433734077160488e-05 2.7433734077160488e-05 G033.134-00.093
33.4190 -0.0044 76.5000 0.0083 0.0083 0 4.0500 0.5 1.0 0.0 6.944444444444444e-05 6.944444444444444e-05 G033.419-00.005
33.8090 -0.1900 40.3000 0.0083 0.0083 0 4.0500 0.5 1.0 0.0 6.944444444444444e-05 6.944444444444444e-05 G033.809-00.190
33.8098 -0.1854 40.3000 0.0024 0.0024 0 4.0500 0.5 1.0 0.0 5.652836463155865e-06 5.652836463155865e-06 G033.809-00.186
33.8131 -0.1490 50.0000 0.0084 0.0084 0 4.0500 0.5 1.0 0.0 7.007085069444446e-05 7.007085069444446e-05 G033.813-00.150
33.8820 0.0570 40.8000 0.0059 0.0059 0 4.0500 0.5 1.0 0.0 3.484278549382716e-05 3.484278549382716e-05 G033.882+00.057
33.8840 0.0583 40.8000 0.0028 0.0028 0 4.0500 0.5 1.0 0.0 7.71604938271605e-06 7.71604938271605e-06 G033.884+00.058
33.9418 -0.0388 57.2000 0.0165 0.0165 0 4.0500 0.5 1.0 0.0 0.0002720896069637346 0.0002720896069637346 G033.941-00.039
34.0410 0.0529 36.4000 0.0059 0.0059 0 4.0500 0.5 1.0 0.0 3.484278549382716e-05 3.484278549382716e-05 G034.041+00.052
34.0890 0.4380 32.6000 0.0091 0.0091 0 4.0500 0.5 1.0 0.0 8.354975586419751e-05 8.354975586419751e-05 G034.089+00.438
34.1330 0.4710 34.6000 0.0059 0.0059 0 4.0500 0.5 1.0 0.0 3.484278549382716e-05 3.484278549382716e-05 G034.133+00.471
34.2563 0.1364 53.1000 0.0141 0.0141 0 4.0500 -0.5 1.0 0.0 0.0001988530856674383 0.0001988530856674383 G034.256+00.136
34.3331 0.2129 62.9000 0.0205 0.0205 0 4.0500 0.5 1.0 0.0 0.00041962953474151244 0.00041962953474151244 G034.333+00.212
34.5914 0.2442 -19.4000 0.0083 0.0083 0 4.0500 0.5 1.0 0.0 6.944444444444444e-05 6.944444444444444e-05 G034.591+00.244
34.6860 0.0680 52.0000 0.0059 0.0059 0 4.0500 0.5 1.0 0.0 3.484278549382716e-05 3.484278549382716e-05 G034.686+00.068
34.7570 -0.6682 52.1000 0.0557 0.0557 0 4.0500 -0.5 1.0 0.0 0.003104981527797068 0.003104981527797068 G034.757-00.669
34.9246 -0.0819 47.2000 0.0418 0.0418 0 4.0500 0.5 1.0 0.0 0.001743758402777778 0.001743758402777778 G034.924-00.082
34.9400 0.0736 45.6000 0.0481 0.0481 0 4.0500 0.5 1.0 0.0 0.0023097636 0.0023097636 G034.940+00.073
35.0400 -0.5000 48.0000 0.0185 0.0185 0 4.0500 0.5 1.0 0.0 0.00034169522500000006 0.00034169522500000006 G035.040-00.500
35.0514 -0.5197 48.0000 0.0073 0.0073 0 4.0500 0.5 1.0 0.0 5.257458402777779e-05 5.257458402777779e-05 G035.051-00.520
35.0637 0.3301 57.2000 0.0220 0.0220 0 4.0500 0.5 1.0 0.0 0.00048500885850694445 0.00048500885850694445 G035.063+00.330
35.1260 -0.7543 34.5000 0.0235 0.0235 0 4.0500 -0.5 1.0 0.0 0.0005535040444444443 0.0005535040444444443 G035.126-00.755
35.1874 0.8927 76.1000 0.1351 0.1351 0 4.0500 0.5 1.0 0.0 0.01825287314909337 0.01825287314909337 G035.187+00.892
35.4671 0.0040 58.6000 0.0161 0.0161 0 4.0500 0.5 1.0 0.0 0.00025967084353780865 0.00025967084353780865 G035.467+00.004
35.4678 0.1392 80.9000 0.0123 0.0123 0 4.0500 -0.5 1.0 0.0 0.000151959380449267 0.000151959380449267 G035.467+00.139
35.5435 0.0066 57.5000 0.0096 0.0096 0 4.0500 0.5 1.0 0.0 9.138882006250002e-05 9.138882006250002e-05 G035.543+00.006
35.5598 -0.8234 60.7000 0.1218 0.1218 0 4.0500 0.5 1.0 0.0 0.014825024092669755 0.014825024092669755 G035.559-00.824
35.5713 0.0719 47.6000 0.0083 0.0083 0 4.0500 0.5 1.0 0.0 6.944444444444444e-05 6.944444444444444e-05 G035.571+00.071
35.5769 -0.0312 52.5000 0.0053 0.0053 0 4.0500 0.5 1.0 0.0 2.7877960001736113e-05 2.7877960001736113e-05 G035.576-00.032
35.5795 0.0660 47.6000 0.0023 0.0023 0 4.0500 -0.5 1.0 0.0 5.352217986304013e-06 5.352217986304013e-06 G035.579+00.065
35.6497 -0.0523 51.9000 0.0462 0.0462 0 4.0500 0.5 1.0 0.0 0.0021314124077160494 0.0021314124077160494 G035.649-00.053
35.9488 -0.1485 50.9000 0.0059 0.0059 0 4.0500 -0.5 1.0 0.0 3.484278549382716e-05 3.484278549382716e-05 G035.948-00.149
36.2679 0.6979 76.5000 0.0499 0.0499 0 4.0500 -0.5 1.0 0.0 0.0024924501530864196 0.0024924501530864196 G036.267+00.697
36.4052 0.0219 53.3000 0.0083 0.0083 0 4.0500 -0.5 1.0 0.0 6.944444444444444e-05 6.944444444444444e-05 G036.405+00.021
36.4590 -0.1827 72.7000 0.0419 0.0419 0 4.0500 0.5 1.0 0.0 0.001754295051871142 0.001754295051871142 G036.459-00.183
36.8700 0.4620 -27.3000 0.0059 0.0059 0 4.0500 0.5 1.0 0.0 3.484278549382716e-05 3.484278549382716e-05 G036.870+00.462
36.9187 0.4825 -34.1000 0.0040 0.0040 0 4.0500 0.5 1.0 0.0 1.6240452225308643e-05 1.6240452225308643e-05 G036.918+00.482
37.1758 -0.4391 36.1000 0.0226 0.0226 0 4.0500 0.5 1.0 0.0 0.0005129218382716049 0.0005129218382716049 G037.175-00.440
37.2000 -0.4300 38.0000 0.0083 0.0083 0 4.0500 0.5 1.0 0.0 6.944444444444444e-05 6.944444444444444e-05 G037.200-00.430
37.2590 -0.0830 40.8000 0.0113 0.0113 0 4.0500 0.5 1.0 0.0 0.0001269862916714892 0.0001269862916714892 G037.259-00.083
37.2782 -0.2257 41.8000 0.0109 0.0109 0 4.0500 0.5 1.0 0.0 0.00011824417805574848 0.00011824417805574848 G037.278-00.226
37.3441 0.6841 45.6000 0.0083 0.0083 0 4.0500 0.5 1.0 0.0 6.944444444444444e-05 6.944444444444444e-05 G037.344+00.684
37.3470 -0.1464 53.2000 0.0825 0.0825 0 4.0500 0.5 1.0 0.0 0.006810100544444445 0.006810100544444445 G037.347-00.147
37.3628 -0.2336 39.4000 0.0179 0.0179 0 4.0500 0.5 1.0 0.0 0.00032107662415123455 0.00032107662415123455 G037.362-00.234
37.4456 -0.2110 63.9000 0.0172 0.0172 0 4.0500 0.5 1.0 0.0 0.00029700213906249995 0.00029700213906249995 G037.445-00.212
37.4690 -0.1041 58.7000 0.0057 0.0057 0 4.0500 0.5 1.0 0.0 3.24665708919753e-05 3.24665708919753e-05 G037.469-00.105
37.4977 0.5302 11.6000 0.0083 0.0083 0 4.0500 0.5 1.0 0.0 6.944467592611884e-05 6.944467592611884e-05 G037.497+00.530
37.5444 -0.1144 48.9000 0.0150 0.0150 0 4.0500 0.5 1.0 0.0 0.00022504583566743824 0.00022504583566743824 G037.544-00.115
37.6416 -0.1118 52.3000 0.0325 0.0325 0 4.0500 0.5 1.0 0.0 0.001054174631558642 0.001054174631558642 G037.641-00.112
37.7507 -0.1097 49.7000 0.0083 0.0083 0 4.0500 0.5 1.0 0.0 6.944444444444444e-05 6.944444444444444e-05 G037.750-00.110
37.7544 0.5600 18.3000 0.0092 0.0092 0 4.0500 0.5 1.0 0.0 8.442317237673614e-05 8.442317237673614e-05 G037.754+00.560
37.7631 -0.2112 65.8000 0.0185 0.0185 0 4.0500 0.5 1.0 0.0 0.0003404998819637346 0.0003404998819637346 G037.763-00.212
37.8160 -0.3790 63.9000 0.0059 0.0059 0 4.0500 0.5 1.0 0.0 3.484278549382716e-05 3.484278549382716e-05 G037.816-00.379
37.8200 0.4140 22.3000 0.0073 0.0073 0 4.0500 0.5 1.0 0.0 5.397738858815586e-05 5.397738858815586e-05 G037.820+00.414
37.8680 -0.6010 47.7000 0.0115 0.0115 0 4.0500 0.5 1.0 0.0 0.0001331417900017361 0.0001331417900017361 G037.868-00.601
37.8720 -0.3980 59.2000 0.0083 0.0083 0 4.0500 0.5 1.0 0.0 6.944444444444444e-05 6.944444444444444e-05 G037.872-00.399
38.0453 -0.0339 58.3000 0.0177 0.0177 0 4.0500 0.5 1.0 0.0 0.0003117382595679013 0.0003117382595679013 G038.045-00.034
38.5500 0.1630 26.4000 0.0059 0.0059 0 4.0500 0.5 1.0 0.0 3.484278549382716e-05 3.484278549382716e-05 G038.550+00.163
38.6430 -0.2270 63.8000 0.0059 0.0059 0 4.0500 0.5 1.0 0.0 3.484278549382716e-05 3.484278549382716e-05 G038.643-00.227
38.6520 0.0870 -40.0000 0.0059 0.0059 0 4.0500 0.5 1.0 0.0 3.484278549382716e-05 3.484278549382716e-05 G038.652+00.087
38.7380 -0.1400 60.9000 0.0147 0.0147 0 4.0500 0.5 1.0 0.0 0.00021480159290123457 0.00021480159290123457 G038.738-00.140
38.8401 0.4953 -43.2000 0.0117 0.0117 0 4.0500 0.5 1.0 0.0 0.00013739063189062501 0.00013739063189062501 G038.840+00.495
38.8611 -0.1344 64.5000 0.0204 0.0204 0 4.0500 0.5 1.0 0.0 0.0004181059361304013 0.0004181059361304013 G038.861-00.135
38.8750 0.3080 -15.1000 0.0059 0.0059 0 4.0500 0.5 1.0 0.0 3.484278549382716e-05 3.484278549382716e-05 G038.875+00.308
39.1765 -0.3982 55.5000 0.0159 0.0159 0 4.0500 0.5 1.0 0.0 0.00025166297067901237 0.00025166297067901237 G039.176-00.399
39.1832 -1.4216 -54.9000 0.0083 0.0083 0 4.0500 0.5 1.0 0.0 6.944467592611884e-05 6.944467592611884e-05 G039.183-01.422
39.1960 0.2249 -21.6000 0.0083 0.0083 0 4.0500 0.5 1.0 0.0 6.944467592611884e-05 6.944467592611884e-05 G039.196+00.224
39.2250 -0.0530 20.2000 0.0059 0.0059 0 4.0500 0.5 1.0 0.0 3.484278549382716e-05 3.484278549382716e-05 G039.225-00.053
39.2488 -0.0632 23.0000 0.0083 0.0083 0 4.0500 0.5 1.0 0.0 6.944444444444444e-05 6.944444444444444e-05 G039.248-00.064
39.3886 -0.1425 17.3000 0.0050 0.0050 0 4.0500 0.5 1.0 0.0 2.4836241273341052e-05 2.4836241273341052e-05 G039.388-00.143
39.5158 0.5117 -30.8000 0.0715 0.0715 0 4.0500 0.5 1.0 0.0 0.005108894023167438 0.005108894023167438 G039.515+00.511
39.5448 -0.3656 55.2000 0.0078 0.0078 0 4.0500 0.5 1.0 0.0 6.049253087114198e-05 6.049253087114198e-05 G039.544-00.366
39.7280 -0.3960 58.3000 0.0094 0.0094 0 4.0500 0.5 1.0 0.0 8.881544092669755e-05 8.881544092669755e-05 G039.728-00.396
39.8564 -0.1837 60.0000 0.0216 0.0216 0 4.0500 0.5 1.0 0.0 0.0004683737593364198 0.0004683737593364198 G039.856-00.184
39.8646 0.6456 -40.9000 0.0095 0.0095 0 4.0500 0.5 1.0 0.0 8.9688002640625e-05 8.9688002640625e-05 G039.864+00.645
39.8736 -0.1763 60.0000 0.0075 0.0075 0 4.0500 0.5 1.0 0.0 5.624416681790124e-05 5.624416681790124e-05 G039.873-00.177
39.8830 -0.3460 58.9000 0.0102 0.0102 0 4.0500 0.5 1.0 0.0 0.00010447735867361111 0.00010447735867361111 G039.883-00.346
39.8878 -1.2720 44.3000 0.0089 0.0089 0 4.0500 -0.5 1.0 0.0 7.866384193074844e-05 7.866384193074844e-05 G039.887-01.273
39.9008 -1.3206 44.3000 0.0476 0.0476 0 4.0500 -0.5 1.0 0.0 0.002269781338271605 0.002269781338271605 G039.900-01.321
40.1411 1.5771 27.5000 0.0719 0.0719 0 4.0500 -0.5 1.0 0.0 0.0051742845562499995 0.0051742845562499995 G040.141+01.577
40.4300 0.6975 20.1000 0.0078 0.0078 0 4.0500 0.5 1.0 0.0 6.151504549556326e-05 6.151504549556326e-05 G040.430+00.697
40.5032 2.5370 21.7000 0.0235 0.0235 0 4.0500 -0.5 1.0 0.0 0.0005530074817901235 0.0005530074817901235 G040.503+02.537
40.9657 -0.6205 60.9000 0.0494 0.0494 0 4.0500 -0.5 1.0 0.0 0.0024407442373456795 0.0024407442373456795 G040.965-00.621
41.0749 -0.1614 59.4000 0.0612 0.0612 0 4.0500 0.5 1.0 0.0 0.003749759244521605 0.003749759244521605 G041.074-00.162
41.2350 0.3670 71.3000 0.0346 0.0346 0 4.0500 -0.5 1.0 0.0 0.0011990252815586421 0.0011990252815586421 G041.235+00.367
41.3040 1.9970 -53.7000 0.0083 0.0083 0 4.0500 0.5 1.0 0.0 6.944444444444444e-05 6.944444444444444e-05 G041.304+01.997
41.3758 0.0322 59.5000 0.0034 0.0034 0 4.0500 -0.5 1.0 0.0 1.1834460015624997e-05 1.1834460015624997e-05 G041.375+00.032
41.3825 0.0378 59.5000 0.0034 0.0034 0 4.0500 -0.5 1.0 0.0 1.1834460015624997e-05 1.1834460015624997e-05 G041.382+00.037
41.5123 0.0218 17.7000 0.0120 0.0120 0 4.0500 0.5 1.0 0.0 0.00014324964670447531 0.00014324964670447531 G041.512+00.021
41.5169 -0.1415 57.9000 0.0152 0.0152 0 4.0500 0.5 1.0 0.0 0.00023178370864197531 0.00023178370864197531 G041.516-00.142
41.7403 0.0960 11.1000 0.0083 0.0083 0 4.0500 0.5 1.0 0.0 6.944444444444444e-05 6.944444444444444e-05 G041.740+00.095
41.7501 0.0347 45.5000 0.0168 0.0168 0 4.0500 0.5 1.0 0.0 0.0002824313657600309 0.0002824313657600309 G041.750+00.034
41.7625 1.4799 -54.8000 0.0374 0.0374 0 4.0500 0.5 1.0 0.0 0.001395748844521605 0.001395748844521605 G041.762+01.479
41.8095 1.5025 -52.6000 0.0100 0.0100 0 4.0500 0.5 1.0 0.0 0.00010041543056250001 0.00010041543056250001 G041.809+01.502
41.9276 -0.1249 18.1000 0.0270 0.0270 0 4.0500 0.5 1.0 0.0 0.0007263698765624999 0.0007263698765624999 G041.927-00.125
41.9291 0.0301 20.7000 0.0209 0.0209 0 4.0500 0.5 1.0 0.0 0.0004358294120563272 0.0004358294120563272 G041.929+00.030
42.0080 0.3527 -40.3000 0.0127 0.0127 0 4.0500 0.5 1.0 0.0 0.0001604092611882716 0.0001604092611882716 G042.008+00.352
42.0581 1.0024 -23.6000 0.0231 0.0231 0 4.0500 0.5 1.0 0.0 0.0005348234390624999 0.0005348234390624999 G042.058+01.002
42.0652 0.2442 17.0000 0.0480 0.0480 0 4.0500 0.5 1.0 0.0 0.0023087758056327162 0.0023087758056327162 G042.065+00.244
42.1035 -0.6230 66.0000 0.0281 0.0281 0 4.0500 0.5 1.0 0.0 0.0007920472111111111 0.0007920472111111111 G042.103-00.623
42.1115 -0.4438 53.4000 0.0083 0.0083 0 4.0500 0.5 1.0 0.0 6.944444444444444e-05 6.944444444444444e-05 G042.111-00.444
42.1369 -0.0790 41.4000 0.0262 0.0262 0 4.0500 0.5 1.0 0.0 0.0006862871751736111 0.0006862871751736111 G042.136-00.079
42.3902 -0.3808 65.0000 0.0314 0.0314 0 4.0500 -0.5 1.0 0.0 0.00098357155933642 0.00098357155933642 G042.390-00.381
42.4343 -0.2747 61.5000 0.0244 0.0244 0 4.0500 0.5 1.0 0.0 0.000593199851871142 0.000593199851871142 G042.434-00.275
42.5627 -0.1069 67.2000 0.0539 0.0539 0 4.0500 0.5 1.0 0.0 0.0029061982506944444 0.0029061982506944444 G042.562-00.107
43.1758 -0.5185 59.1000 0.0058 0.0058 0 4.0500 0.5 1.0 0.0 3.344758704012346e-05 3.344758704012346e-05 G043.175-00.519
43.1859 -0.5246 59.1000 0.0084 0.0084 0 4.0500 0.5 1.0 0.0 7.103961225e-05 7.103961225e-05 G043.185-00.525
43.2376 -0.0440 9.4000 0.0083 0.0083 0 4.0500 0.5 1.0 0.0 6.944444444444444e-05 6.944444444444444e-05 G043.237-00.044
43.2401 0.1315 12.3000 0.0059 0.0059 0 4.0500 0.5 1.0 0.0 3.484278549382716e-05 3.484278549382716e-05 G043.240+00.131
43.4324 0.5169 -12.8000 0.0103 0.0103 0 4.0500 0.5 1.0 0.0 0.0001065634687517361 0.0001065634687517361 G043.432+00.516
43.5232 -0.6477 55.4000 0.0123 0.0123 0 4.0500 0.5 1.0 0.0 0.0001513251937131559 0.0001513251937131559 G043.523-00.648
43.8180 0.3951 -10.5000 0.0150 0.0150 0 4.0500 0.5 1.0 0.0 0.00022608046066743825 0.00022608046066743825 G043.818+00.395
43.8947 0.1976 -38.1000 0.0234 0.0234 0 4.0500 0.5 1.0 0.0 0.0005498438765624998 0.0005498438765624998 G043.894+00.197
43.9684 0.9932 -21.6000 0.0071 0.0071 0 4.0500 0.5 1.0 0.0 4.9862428444444444e-05 4.9862428444444444e-05 G043.968+00.993
43.9995 0.9787 -17.1000 0.0193 0.0193 0 4.0500 0.5 1.0 0.0 0.0003733375371141975 0.0003733375371141975 G043.999+00.978
44.2249 0.0853 59.6000 0.0444 0.0444 0 4.0500 0.5 1.0 0.0 0.0019684750562500002 0.0019684750562500002 G044.224+00.085
44.4185 0.5356 -55.1000 0.0118 0.0118 0 4.0500 0.5 1.0 0.0 0.00013835215871315582 0.00013835215871315582 G044.418+00.535
44.5010 0.3322 -43.0000 0.0070 0.0070 0 4.0500 0.5 1.0 0.0 4.9480673062499995e-05 4.9480673062499995e-05 G044.501+00.332
44.5212 0.3852 -49.7000 0.0059 0.0059 0 4.0500 0.5 1.0 0.0 3.484278549382716e-05 3.484278549382716e-05 G044.521+00.385
44.8117 -0.4917 44.8000 0.0382 0.0382 0 4.0500 0.5 1.0 0.0 0.0014567474541859566 0.0014567474541859566 G044.811-00.492
45.1186 0.1443 56.7000 0.0025 0.0025 0 4.0500 0.5 1.0 0.0 6.44736736111111e-06 6.44736736111111e-06 G045.118+00.144
45.1970 0.7403 -35.0000 0.0112 0.0112 0 4.0500 0.5 1.0 0.0 0.0001249802886267361 0.0001249802886267361 G045.197+00.740
45.3910 -0.7243 52.5000 0.0266 0.0266 0 4.0500 0.5 1.0 0.0 0.0007072866375192901 0.0007072866375192901 G045.391-00.725
45.4750 0.1300 55.6000 0.0200 0.0200 0 4.0500 0.5 1.0 0.0 0.0004005946652970679 0.0004005946652970679 G045.475+00.130
45.5030 0.4959 -35.9000 0.0155 0.0155 0 4.0500 0.5 1.0 0.0 0.00023941974631558642 0.00023941974631558642 G045.503+00.495
45.6344 -0.0155 9.2000 0.0147 0.0147 0 4.0500 0.5 1.0 0.0 0.00021740683341049387 0.00021740683341049387 G045.634-00.016
45.8250 -0.2901 61.2000 0.0100 0.0100 0 4.0500 0.5 1.0 0.0 9.96095485434028e-05 9.96095485434028e-05 G045.825-00.291
45.9334 -0.4023 63.9000 0.0083 0.0083 0 4.0500 0.5 1.0 0.0 6.944444444444444e-05 6.944444444444444e-05 G045.933-00.403
46.1739 0.5333 6.3000 0.0083 0.0083 0 4.0500 0.5 1.0 0.0 6.944467592611884e-05 6.944467592611884e-05 G046.173+00.533
46.2134 0.5480 5.8000 0.0052 0.0052 0 4.0500 0.5 1.0 0.0 2.7362779780864195e-05 2.7362779780864195e-05 G046.213+00.547
46.4950 -0.2404 57.7000 0.0414 0.0414 0 4.0500 -0.5 1.0 0.0 0.0017155243567901232 0.0017155243567901232 G046.495-00.241
46.9480 0.3711 -44.4000 0.0092 0.0092 0 4.0500 0.5 1.0 0.0 8.393053740817902e-05 8.393053740817902e-05 G046.948+00.371
46.9659 0.3154 -41.7000 0.0339 0.0339 0 4.0500 0.5 1.0 0.0 0.0011507360062500002 0.0011507360062500002 G046.965+00.315
47.0945 0.4923 -54.5000 0.0083 0.0083 0 4.0500 0.5 1.0 0.0 6.944467592611884e-05 6.944467592611884e-05 G047.094+00.492
47.1000 0.4798 -56.9000 0.0083 0.0083 0 4.0500 0.5 1.0 0.0 6.944467592611884e-05 6.944467592611884e-05 G047.100+00.479
48.4177 0.1176 16.8000 0.0084 0.0084 0 4.0500 0.5 1.0 0.0 7.086669922241511e-05 7.086669922241511e-05 G048.417+00.117
48.4564 0.1237 16.6000 0.0176 0.0176 0 4.0500 0.5 1.0 0.0 0.00031075323937114203 0.00031075323937114203 G048.456+00.123
48.5477 -0.0047 19.2000 0.0132 0.0132 0 4.0500 0.5 1.0 0.0 0.000173583918765625 0.000173583918765625 G048.547-00.005
48.6300 0.2300 9.4000 0.0385 0.0385 0 4.0500 0.5 1.0 0.0 0.0014794707484567901 0.0014794707484567901 G048.630+00.230
48.7192 1.1476 -28.5000 0.0115 0.0115 0 4.0500 0.5 1.0 0.0 0.00013262785284027777 0.00013262785284027777 G048.719+01.147
49.8280 0.3660 4.4000 0.0093 0.0093 0 4.0500 0.5 1.0 0.0 8.642310460667439e-05 8.642310460667439e-05 G049.828+00.366
49.8403 0.3680 4.4000 0.0060 0.0060 0 4.0500 0.5 1.0 0.0 3.616351859567901e-05 3.616351859567901e-05 G049.840+00.367
50.0326 0.6060 -1.8000 0.0194 0.0194 0 4.0500 0.5 1.0 0.0 0.00037568130625 0.00037568130625 G050.032+00.605
50.0790 0.5710 -1.1000 0.0149 0.0149 0 4.0500 0.5 1.0 0.0 0.00022186102500000002 0.00022186102500000002 G050.079+00.571
50.2628 -0.4086 10.3000 0.0089 0.0089 0 4.0500 0.5 1.0 0.0 7.883935405111882e-05 7.883935405111882e-05 G050.262-00.409
50.2877 -0.3912 10.3000 0.0111 0.0111 0 4.0500 0.5 1.0 0.0 0.00012427016245389658 0.00012427016245389658 G050.287-00.392
50.2982 0.6741 26.4000 0.0099 0.0099 0 4.0500 0.5 1.0 0.0 9.886628716222995e-05 9.886628716222995e-05 G050.298+00.674
50.3172 -0.4201 10.3000 0.0126 0.0126 0 4.0500 0.5 1.0 0.0 0.00015996452608506946 0.00015996452608506946 G050.317-00.421
51.0100 0.0603 42.2000 0.1388 0.1388 0 4.0500 0.5 1.0 0.0 0.019271879315760028 0.019271879315760028 G051.010+00.060
51.7603 0.7907 3.2000 0.0143 0.0143 0 4.0500 0.5 1.0 0.0 0.0002056913704475309 0.0002056913704475309 G051.760+00.790
51.7790 0.7140 0.6000 0.0102 0.0102 0 4.0500 0.5 1.0 0.0 0.00010336195833506944 0.00010336195833506944 G051.779+00.713
51.8313 0.4627 5.1000 0.0170 0.0170 0 4.0500 0.5 1.0 0.0 0.00029063619822530866 0.00029063619822530866 G051.831+00.462
52.0016 1.6021 -48.5000 0.0069 0.0069 0 4.0500 0.5 1.0 0.0 4.745219764197531e-05 4.745219764197531e-05 G052.001+01.602
52.1600 0.7085 7.9000 0.0093 0.0093 0 4.0500 0.5 1.0 0.0 8.726076792611881e-05 8.726076792611881e-05 G052.160+00.708
52.2014 0.7521 8.7000 0.0106 0.0106 0 4.0500 0.5 1.0 0.0 0.00011341185025000002 0.00011341185025000002 G052.201+00.752
52.2325 0.7350 -3.0000 0.0122 0.0122 0 4.0500 0.5 1.0 0.0 0.00014902169986419757 0.00014902169986419757 G052.232+00.735
52.2560 0.7026 7.4000 0.0168 0.0168 0 4.0500 0.5 1.0 0.0 0.0002811583716049383 0.0002811583716049383 G052.256+00.702
52.7509 0.3347 11.2000 0.0085 0.0085 0 4.0500 0.5 1.0 0.0 7.151286205632716e-05 7.151286205632716e-05 G052.750+00.334
52.7667 0.3338 11.2000 0.0082 0.0082 0 4.0500 0.5 1.0 0.0 6.725959031558643e-05 6.725959031558643e-05 G052.766+00.333
52.9806 0.1337 1.8000 0.0212 0.0212 0 4.0500 0.5 1.0 0.0 0.0004497875115933643 0.0004497875115933643 G052.980+00.133
53.0951 0.2125 1.1000 0.0446 0.0446 0 4.0500 0.5 1.0 0.0 0.001989370616685957 0.001989370616685957 G053.095+00.212
53.1750 0.1500 8.3000 0.0167 0.0167 0 4.0500 0.5 1.0 0.0 0.0002777777777777778 0.0002777777777777778 G053.175+00.150
53.1885 0.2100 5.3000 0.0074 0.0074 0 4.0500 0.5 1.0 0.0 5.544581170447531e-05 5.544581170447531e-05 G053.188+00.209
53.6445 0.0147 31.2000 0.0137 0.0137 0 4.0500 0.5 1.0 0.0 0.00018833597708641978 0.00018833597708641978 G053.644+00.014
54.0938 1.7485 -85.3000 0.0113 0.0113 0 4.0500 0.5 1.0 0.0 0.00012673474606500772 0.00012673474606500772 G054.093+01.748
54.4907 1.5791 -40.9000 0.0122 0.0122 0 4.0500 0.5 1.0 0.0 0.00014774503791840278 0.00014774503791840278 G054.490+01.579
54.4909 0.9300 31.1000 0.0341 0.0341 0 4.0500 0.5 1.0 0.0 0.001165065481558642 0.001165065481558642 G054.490+00.930
55.1140 2.4220 -76.1000 0.0203 0.0203 0 4.0500 0.5 1.0 0.0 0.0004120674447530865 0.0004120674447530865 G055.114+02.422
55.5679 0.7010 -0.2000 0.0523 0.0523 0 4.0500 0.5 1.0 0.0 0.0027360164371141977 0.0027360164371141977 G055.567+00.701
55.8560 -3.8024 27.6000 0.0201 0.0201 0 4.0500 -0.5 1.0 0.0 0.00040588817777777777 0.00040588817777777777 G055.855-03.803
56.1536 0.0761 -2.4000 0.0175 0.0175 0 4.0500 0.5 1.0 0.0 0.0003077587982253086 0.0003077587982253086 G056.153+00.076
56.4121 0.4234 -3.5000 0.0193 0.0193 0 4.0500 0.5 1.0 0.0 0.00037433113057484574 0.00037433113057484574 G056.412+00.423
57.5417 -0.2789 6.3000 0.0295 0.0295 0 4.0500 0.5 1.0 0.0 0.0008724392918402777 0.0008724392918402777 G057.541-00.279
59.5571 -0.1855 29.4000 0.0743 0.0743 0 4.0500 -0.5 1.0 0.0 0.005518921555864198 0.005518921555864198 G059.557-00.186
59.7966 0.2412 -3.7000 0.0221 0.0221 0 4.0500 0.5 1.0 0.0 0.0004905117562499999 0.0004905117562499999 G059.796+00.241
59.8034 1.2290 -50.3000 0.0674 0.0674 0 4.0500 0.5 1.0 0.0 0.0045450443982253085 0.0045450443982253085 G059.803+01.228
60.5922 1.5723 -49.4000 0.0175 0.0175 0 4.0500 0.5 1.0 0.0 0.00030763698350694447 0.00030763698350694447 G060.592+01.572
60.6590 -0.0307 -5.5000 0.0208 0.0208 0 4.0500 0.5 1.0 0.0 0.00043385418402777773 0.00043385418402777773 G060.659-00.031
61.2923 -0.3306 -16.0000 0.0133 0.0133 0 4.0500 0.5 1.0 0.0 0.0001762588140625 0.0001762588140625 G061.292-00.331
61.4319 2.0818 -71.7000 0.0199 0.0199 0 4.0500 0.5 1.0 0.0 0.0003976368340277778 0.0003976368340277778 G061.431+02.081
61.6682 0.9467 -78.8000 0.0323 0.0323 0 4.0500 0.5 1.0 0.0 0.0010412184460069445 0.0010412184460069445 G061.668+00.946
61.7207 0.8633 -75.2000 0.0100 0.0100 0 4.0500 0.5 1.0 0.0 0.00010000500006250002 0.00010000500006250002 G061.720+00.863
61.7563 0.8466 -61.0000 0.0268 0.0268 0 4.0500 0.5 1.0 0.0 0.0007156219456790124 0.0007156219456790124 G061.756+00.846
62.5777 2.3893 -73.6000 0.0197 0.0197 0 4.0500 0.5 1.0 0.0 0.00038632994452160495 0.00038632994452160495 G062.577+02.389
63.0523 -0.3316 -9.3000 0.0136 0.0136 0 4.0500 0.5 1.0 0.0 0.00018519127225000002 0.00018519127225000002 G063.052-00.332
64.0657 1.6467 30.7000 0.0751 0.0751 0 4.0500 -0.5 1.0 0.0 0.005640030861130401 0.005640030861130401 G064.065+01.646
64.1308 -0.4742 23.3000 0.0403 0.0403 0 4.0500 -0.5 1.0 0.0 0.0016204538430748456 0.0016204538430748456 G064.130-00.475
67.8163 0.5111 -3.1000 0.0610 0.0610 0 4.0500 0.5 1.0 0.0 0.003721864216840277 0.003721864216840277 G067.816+00.511
68.1448 0.9151 -64.7000 0.0222 0.0222 0 4.0500 0.5 1.0 0.0 0.0004943334630401234 0.0004943334630401234 G068.144+00.915
69.9224 1.5120 -64.8000 0.0345 0.0345 0 4.0500 0.5 1.0 0.0 0.0011905566864197528 0.0011905566864197528 G069.922+01.511
70.0995 1.6295 -32.6000 0.1635 0.1635 0 4.0500 0.5 1.0 0.0 0.02674678530864197 0.02674678530864197 G070.099+01.629
70.2802 1.5837 -25.6000 0.0074 0.0074 0 4.0500 0.5 1.0 0.0 5.4316695277970674e-05 5.4316695277970674e-05 G070.280+01.583
70.2931 1.5993 -25.6000 0.0074 0.0074 0 4.0500 0.5 1.0 0.0 5.4316695277970674e-05 5.4316695277970674e-05 G070.293+01.599
70.3041 1.5957 -25.6000 0.0074 0.0074 0 4.0500 0.5 1.0 0.0 5.4316695277970674e-05 5.4316695277970674e-05 G070.304+01.595
70.3291 1.5900 -21.1000 0.0142 0.0142 0 4.0500 0.5 1.0 0.0 0.00020054493526234571 0.00020054493526234571 G070.329+01.589
70.7658 1.8208 -76.5000 0.0121 0.0121 0 4.0500 0.5 1.0 0.0 0.0001459008988919753 0.0001459008988919753 G070.765+01.820
71.1506 0.3980 -12.9000 0.0200 0.0200 0 4.0500 0.5 1.0 0.0 0.00040030561390817906 0.00040030561390817906 G071.150+00.397
71.7642 3.0767 16.0000 0.2257 0.2257 0 4.0500 -0.5 1.0 0.0 0.05095052160493828 0.05095052160493828 G071.764+03.076
73.8785 1.0236 -51.2000 0.0099 0.0099 0 4.0500 0.5 1.0 0.0 9.782089130864199e-05 9.782089130864199e-05 G073.878+01.023
74.1556 1.6462 -34.1000 0.0132 0.0132 0 4.0500 0.5 1.0 0.0 0.00017551392002777773 0.00017551392002777773 G074.155+01.646
74.7536 0.9126 -51.6000 0.0127 0.0127 0 4.0500 0.5 1.0 0.0 0.00016125331319753085 0.00016125331319753085 G074.753+00.912
75.1751 -0.5924 -27.7000 0.0426 0.0426 0 4.0500 0.5 1.0 0.0 0.0018154227271604938 0.0018154227271604938 G075.175-00.593
90.2130 2.0405 -73.0000 0.0290 0.0290 0 4.0500 0.5 1.0 0.0 0.0008425070634452159 0.0008425070634452159 G090.213+02.040
90.2269 1.7180 -60.7000 0.0141 0.0141 0 4.0500 0.5 1.0 0.0 0.00019944500625 0.00019944500625 G090.226+01.718
90.8562 1.6914 -83.1000 0.1677 0.1677 0 4.0500 0.5 1.0 0.0 0.028132607438271607 0.028132607438271607 G090.856+01.691
91.1139 1.5810 -82.1000 0.0386 0.0386 0 4.0500 0.5 1.0 0.0 0.0014924915188271606 0.0014924915188271606 G091.113+01.580
91.5526 0.9816 -54.0000 0.0515 0.0515 0 4.0500 0.5 1.0 0.0 0.0026489893361111108 0.0026489893361111108 G091.552+00.981
92.9208 2.8231 -15.7000 0.2067 0.2067 0 4.0500 0.5 1.0 0.0 0.04271340743827161 0.04271340743827161 G092.920+02.823
93.4597 1.7399 -56.4000 0.1252 0.1252 0 4.0500 0.5 1.0 0.0 0.01567928317600309 0.01567928317600309 G093.459+01.739
93.5181 2.6117 -73.1000 0.0149 0.0149 0 4.0500 0.5 1.0 0.0 0.00022295881714891975 0.00022295881714891975 G093.518+02.611
93.5335 1.4734 -76.1000 0.0188 0.0188 0 4.0500 0.5 1.0 0.0 0.0003542394515625 0.0003542394515625 G093.533+01.473
93.8574 1.5466 -63.5000 0.0232 0.0232 0 4.0500 0.5 1.0 0.0 0.0005391813000771605 0.0005391813000771605 G093.857+01.546
94.2635 -0.4139 -45.4000 0.0139 0.0139 0 4.0500 0.5 1.0 0.0 0.0001934571901234568 0.0001934571901234568 G094.263-00.414
94.4927 -0.3096 -38.9000 0.1488 0.1488 0 4.0500 0.5 1.0 0.0 0.02215342828896605 0.02215342828896605 G094.492-00.310
94.4949 -1.5127 -38.2000 0.0719 0.0719 0 4.0500 0.5 1.0 0.0 0.005166015624999999 0.005166015624999999 G094.494-01.513
94.8900 -1.6425 -45.7000 0.2601 0.2601 0 4.0500 0.5 1.0 0.0 0.06765634506944444 0.06765634506944444 G094.890-01.643
95.6608 0.2136 -73.2000 0.0643 0.0643 0 4.0500 0.5 1.0 0.0 0.004129401150173611 0.004129401150173611 G095.660+00.213
96.2897 2.5937 -99.1000 0.0268 0.0268 0 4.0500 0.5 1.0 0.0 0.0007200426852623456 0.0007200426852623456 G096.289+02.593
96.3453 -0.1562 -47.9000 0.0787 0.0787 0 4.0500 0.5 1.0 0.0 0.006186019126562498 0.006186019126562498 G096.345-00.157
96.4030 1.3317 -67.5000 0.0231 0.0231 0 4.0500 0.5 1.0 0.0 0.0005345472445216049 0.0005345472445216049 G096.403+01.331
96.4344 1.3250 -76.3000 0.0127 0.0127 0 4.0500 0.5 1.0 0.0 0.00016181359369000774 0.00016181359369000774 G096.434+01.324
96.5006 1.3420 -67.2000 0.0243 0.0243 0 4.0500 0.5 1.0 0.0 0.0005900918171489198 0.0005900918171489198 G096.500+01.342
96.5453 3.3760 -61.7000 0.0816 0.0816 0 4.0500 0.5 1.0 0.0 0.006664998889197531 0.006664998889197531 G096.545+03.376
97.3117 3.2696 -73.9000 0.0161 0.0161 0 4.0500 0.5 1.0 0.0 0.0002600872966049383 0.0002600872966049383 G097.311+03.269
97.4441 3.0830 -83.6000 0.0133 0.0133 0 4.0500 0.5 1.0 0.0 0.00017754489113445217 0.00017754489113445217 G097.444+03.083
97.9534 1.4905 -66.1000 0.0131 0.0131 0 4.0500 0.5 1.0 0.0 0.00017047364297530864 0.00017047364297530864 G097.953+01.490
97.9984 1.4690 -63.2000 0.0054 0.0054 0 4.0500 0.5 1.0 0.0 2.864182270447531e-05 2.864182270447531e-05 G097.998+01.469
98.0374 1.4484 -67.2000 0.0177 0.0177 0 4.0500 0.5 1.0 0.0 0.0003144514077160494 0.0003144514077160494 G098.037+01.448
100.2050 1.8852 -68.2000 0.0231 0.0231 0 4.0500 0.5 1.0 0.0 0.0005343674352623456 0.0005343674352623456 G100.205+01.885
101.0160 2.5901 -69.4000 0.0141 0.0141 0 4.0500 0.5 1.0 0.0 0.0001992724352623457 0.0001992724352623457 G101.016+02.590
101.0650 2.4998 -61.4000 0.1482 0.1482 0 4.0500 0.5 1.0 0.0 0.02195953515625 0.02195953515625 G101.065+02.499
101.4390 2.6533 -60.5000 0.0190 0.0190 0 4.0500 0.5 1.0 0.0 0.00036107917100694443 0.00036107917100694443 G101.439+02.653
103.6860 0.4251 -64.8000 0.0403 0.0403 0 4.0500 0.5 1.0 0.0 0.001626228842611883 0.001626228842611883 G103.686+00.425
103.7430 2.1620 -19.5000 0.0476 0.0476 0 4.0500 0.5 1.0 0.0 0.0022612270472415126 0.0022612270472415126 G103.743+02.162
104.5460 1.2556 -23.4000 0.1399 0.1399 0 4.0500 0.5 1.0 0.0 0.019564238549382718 0.019564238549382718 G104.546+01.255
104.6750 0.5959 -71.1000 0.0424 0.0424 0 4.0500 0.5 1.0 0.0 0.0017996920743827164 0.0017996920743827164 G104.675+00.595
104.7000 2.7850 -57.8000 0.0143 0.0143 0 4.0500 0.5 1.0 0.0 0.00020378355563271605 0.00020378355563271605 G104.700+02.784
104.7160 2.8135 -68.3000 0.0491 0.0491 0 4.0500 0.5 1.0 0.0 0.0024101690148341055 0.0024101690148341055 G104.716+02.813
105.6350 0.3456 -55.7000 0.0316 0.0316 0 4.0500 0.5 1.0 0.0 0.0010009577710069445 0.0010009577710069445 G105.635+00.345
105.7790 0.0481 -48.2000 0.0812 0.0812 0 4.0500 0.5 1.0 0.0 0.006587644496315588 0.006587644496315588 G105.779+00.048
106.2410 0.9577 -53.8000 0.0382 0.0382 0 4.0500 0.5 1.0 0.0 0.0014581684745563273 0.0014581684745563273 G106.241+00.957
106.8090 3.3104 -62.9000 0.0356 0.0356 0 4.0500 0.5 1.0 0.0 0.0012649482595679011 0.0012649482595679011 G106.809+03.310
107.2090 -1.3338 -36.0000 0.0453 0.0453 0 4.0500 0.5 1.0 0.0 0.0020536758062500004 0.0020536758062500004 G107.209-01.334
108.2730 -1.0651 -54.9000 0.0271 0.0271 0 4.0500 0.5 1.0 0.0 0.0007364212918402778 0.0007364212918402778 G108.273-01.066
108.3750 -1.0560 -53.5000 0.0260 0.0260 0 4.0500 0.5 1.0 0.0 0.0006749964838155864 0.0006749964838155864 G108.375-01.056
108.7530 -0.9712 -51.3000 0.0059 0.0059 0 4.0500 0.5 1.0 0.0 3.4405230773341056e-05 3.4405230773341056e-05 G108.752-00.972
108.7580 -0.9880 -51.3000 0.0064 0.0064 0 4.0500 0.5 1.0 0.0 4.1567928018711414e-05 4.1567928018711414e-05 G108.758-00.989
108.7640 -0.9513 -51.3000 0.0330 0.0330 0 4.0500 0.5 1.0 0.0 0.0010867553245563271 0.0010867553245563271 G108.764-00.952
108.7710 -0.9730 -51.3000 0.0053 0.0053 0 4.0500 0.5 1.0 0.0 2.8167049986304016e-05 2.8167049986304016e-05 G108.770-00.974
109.0680 -0.3211 -55.4000 0.0251 0.0251 0 4.0500 0.5 1.0 0.0 0.000627669511111111 0.000627669511111111 G109.068-00.322
109.1040 -0.3461 -47.9000 0.0132 0.0132 0 4.0500 0.5 1.0 0.0 0.00017533548315760034 0.00017533548315760034 G109.104-00.347
110.0990 0.0424 -51.0000 0.0267 0.0267 0 4.0500 0.5 1.0 0.0 0.0007134982963734568 0.0007134982963734568 G110.099+00.042
110.2520 0.0100 -59.6000 0.0213 0.0213 0 4.0500 0.5 1.0 0.0 0.00045247198526234564 0.00045247198526234564 G110.252+00.009
110.2860 2.4883 -62.7000 0.0163 0.0163 0 4.0500 0.5 1.0 0.0 0.00026599344770447534 0.00026599344770447534 G110.286+02.488
111.6120 0.3717 -66.7000 0.0076 0.0076 0 4.0500 0.5 1.0 0.0 5.811309353780865e-05 5.811309353780865e-05 G111.612+00.371
111.6530 0.9501 -53.0000 0.0380 0.0380 0 4.0500 0.5 1.0 0.0 0.0014427336111111112 0.0014427336111111112 G111.653+00.950
111.8020 0.5264 -53.9000 0.0135 0.0135 0 4.0500 0.5 1.0 0.0 0.00018131295756249998 0.00018131295756249998 G111.802+00.526
111.9460 1.3367 -44.5000 0.1223 0.1223 0 4.0500 0.5 1.0 0.0 0.014958954685204478 0.014958954685204478 G111.946+01.336
112.0710 1.0638 -41.3000 0.0742 0.0742 0 4.0500 0.5 1.0 0.0 0.0054993966043402785 0.0054993966043402785 G112.071+01.063
112.2120 0.2293 -43.9000 0.0753 0.0753 0 4.0500 0.5 1.0 0.0 0.00566896055625 0.00566896055625 G112.212+00.229
113.5950 -0.7484 -42.7000 0.1089 0.1089 0 4.0500 0.5 1.0 0.0 0.01185213255625 0.01185213255625 G113.595-00.749
113.9000 -1.6122 -46.1000 0.0454 0.0454 0 4.0500 0.5 1.0 0.0 0.0020627493062499993 0.0020627493062499993 G113.900-01.613
114.5260 -0.5423 -48.5000 0.0319 0.0319 0 4.0500 0.5 1.0 0.0 0.0010190992111111113 0.0010190992111111113 G114.526-00.543
114.6050 -0.8002 -32.8000 0.0725 0.0725 0 4.0500 0.5 1.0 0.0 0.005259956208641975 0.005259956208641975 G114.605-00.801
114.6260 0.2192 -47.9000 0.0824 0.0824 0 4.0500 0.5 1.0 0.0 0.0067960330037808644 0.0067960330037808644 G114.626+00.219
114.9790 3.1825 -64.0000 0.0186 0.0186 0 4.0500 0.5 1.0 0.0 0.0003473615833526234 0.0003473615833526234 G114.979+03.182
114.9870 3.2266 -64.0000 0.0164 0.0164 0 4.0500 0.5 1.0 0.0 0.0002692789834104938 0.0002692789834104938 G114.987+03.226
115.7850 -1.5606 -43.4000 0.0559 0.0559 0 4.0500 0.5 1.0 0.0 0.0031209602975308644 0.0031209602975308644 G115.785-01.561
115.8850 -1.7069 -43.8000 0.0565 0.0565 0 4.0500 0.5 1.0 0.0 0.003189190316840278 0.003189190316840278 G115.885-01.707
117.6390 2.2755 -56.6000 0.1106 0.1106 0 4.0500 0.5 1.0 0.0 0.012240103225 0.012240103225 G117.639+02.275
118.2760 2.4909 -73.4000 0.0333 0.0333 0 4.0500 0.5 1.0 0.0 0.0011096023643711417 0.0011096023643711417 G118.276+02.490
118.5920 2.8280 -64.4000 0.0224 0.0224 0 4.0500 0.5 1.0 0.0 0.0005039837918402778 0.0005039837918402778 G118.592+02.828
118.6210 -1.3289 -42.6000 0.0328 0.0328 0 4.0500 0.5 1.0 0.0 0.0010736180373456792 0.0010736180373456792 G118.621-01.329
118.7350 2.9195 -66.2000 0.0154 0.0154 0 4.0500 0.5 1.0 0.0 0.00023589120156249996 0.00023589120156249996 G118.735+02.919
119.4370 -0.9156 -31.2000 0.1484 0.1484 0 4.0500 0.5 1.0 0.0 0.02201637710069444 0.02201637710069444 G119.437-00.916
120.3480 1.9688 -53.3000 0.0321 0.0321 0 4.0500 0.5 1.0 0.0 0.0010308112890624998 0.0010308112890624998 G120.348+01.968
122.7750 2.8495 -56.0000 0.0261 0.0261 0 4.0500 0.5 1.0 0.0 0.000679666625173611 0.000679666625173611 G122.775+02.849
123.2070 2.8318 -61.8000 0.1976 0.1976 0 4.0500 0.5 1.0 0.0 0.03902710000771606 0.03902710000771606 G123.207+02.831
124.6370 2.5359 -79.2000 0.0229 0.0229 0 4.0500 0.5 1.0 0.0 0.0005262053673611111 0.0005262053673611111 G124.637+02.535
124.8940 0.3232 -41.2000 0.0314 0.0314 0 4.0500 0.5 1.0 0.0 0.0009865793750192902 0.0009865793750192902 G124.894+00.323
125.0920 0.7783 -66.0000 0.0190 0.0190 0 4.0500 0.5 1.0 0.0 0.0003620193296489197 0.0003620193296489197 G125.092+00.778
125.0920 1.6632 -83.5000 0.0520 0.0520 0 4.0500 0.5 1.0 0.0 0.002702238064891976 0.002702238064891976 G125.092+01.663
128.7720 2.0090 -87.2000 0.0230 0.0230 0 4.0500 0.5 1.0 0.0 0.0005281314679012346 0.0005281314679012346 G128.772+02.009
132.1560 -0.7287 -56.4000 0.0194 0.0194 0 4.0500 0.5 1.0 0.0 0.0003780864197530864 0.0003780864197530864 G132.156-00.729
133.4200 0.0684 -48.5000 0.0568 0.0568 0 4.0500 0.5 1.0 0.0 0.003220751669444445 0.003220751669444445 G133.420+00.068
133.6780 1.2127 -40.7000 0.0112 0.0112 0 4.0500 0.5 1.0 0.0 0.00012457908224999998 0.00012457908224999998 G133.678+01.212
134.9700 0.6993 -40.7000 0.4367 0.4367 0 4.0500 0.5 1.0 0.0 0.19072144694444448 0.19072144694444448 G134.970+00.699
135.1880 2.7015 -71.5000 0.0197 0.0197 0 4.0500 0.5 1.0 0.0 0.00038925097808641964 0.00038925097808641964 G135.188+02.701
136.0840 2.0876 -44.7000 0.0126 0.0126 0 4.0500 0.5 1.0 0.0 0.00015865361782716047 0.00015865361782716047 G136.084+02.087
136.1170 2.0583 -45.7000 0.0151 0.0151 0 4.0500 0.5 1.0 0.0 0.00022706304081790123 0.00022706304081790123 G136.117+02.058
136.1190 2.1186 -47.6000 0.0177 0.0177 0 4.0500 0.5 1.0 0.0 0.0003122730765625 0.0003122730765625 G136.119+02.118
136.4480 2.5193 -46.7000 0.0441 0.0441 0 4.0500 0.5 1.0 0.0 0.0019433280324266976 0.0019433280324266976 G136.448+02.519
136.7550 0.4666 -52.0000 0.0346 0.0346 0 4.0500 0.5 1.0 0.0 0.0011944224001736114 0.0011944224001736114 G136.755+00.466
138.4940 1.6348 -35.5000 0.0539 0.0539 0 4.0500 0.5 1.0 0.0 0.0029039674384452167 0.0029039674384452167 G138.494+01.634
139.5580 2.5394 -43.4000 0.1902 0.1902 0 4.0500 0.5 1.0 0.0 0.03617604 0.03617604 G139.558+02.539
139.9140 0.1881 -44.8000 0.0319 0.0319 0 4.0500 0.5 1.0 0.0 0.001014838362056327 0.001014838362056327 G139.914+00.188
141.0840 -1.0627 -29.5000 0.0346 0.0346 0 4.0500 0.5 1.0 0.0 0.0011974195140624997 0.0011974195140624997 G141.084-01.063
143.5550 -1.5416 -36.7000 0.1790 0.1790 0 4.0500 0.5 1.0 0.0 0.032032547779706794 0.032032547779706794 G143.555-01.542
143.8140 -1.5782 -38.8000 0.0617 0.0617 0 4.0500 0.5 1.0 0.0 0.00381040428288966 0.00381040428288966 G143.814-01.579
144.9470 0.4359 -46.1000 0.0768 0.0768 0 4.0500 0.5 1.0 0.0 0.005902678167901235 0.005902678167901235 G144.947+00.435
148.4740 1.9827 -47.0000 0.0145 0.0145 0 4.0500 0.5 1.0 0.0 0.0002093286504822531 0.0002093286504822531 G148.474+01.982
149.7380 -0.2066 -71.4000 0.0297 0.0297 0 4.0500 0.5 1.0 0.0 0.0008810920324266974 0.0008810920324266974 G149.738-00.207
150.5960 -0.9546 -26.6000 0.0670 0.0670 0 4.0500 0.5 1.0 0.0 0.0044899864430748455 0.0044899864430748455 G150.596-00.955
150.8590 -1.1149 -30.4000 0.0171 0.0171 0 4.0500 0.5 1.0 0.0 0.00029316098155864203 0.00029316098155864203 G150.859-01.115
150.9830 -0.4703 -23.9000 0.0252 0.0252 0 4.0500 0.5 1.0 0.0 0.0006343611815007715 0.0006343611815007715 G150.982-00.471
151.1800 2.1244 -32.7000 0.0413 0.0413 0 4.0500 0.5 1.0 0.0 0.001701975025 0.001701975025 G151.180+02.124
151.2730 1.9613 -29.4000 0.0430 0.0430 0 4.0500 0.5 1.0 0.0 0.0018530992139081787 0.0018530992139081787 G151.273+01.961
151.6060 -0.3721 -56.4000 0.0578 0.0578 0 4.0500 0.5 1.0 0.0 0.0033432166447530864 0.0033432166447530864 G151.606-00.373
151.6090 -0.2322 -51.2000 0.0578 0.0578 0 4.0500 0.5 1.0 0.0 0.0033381753093364203 0.0033381753093364203 G151.609-00.233
151.6940 -0.5006 -58.2000 0.0581 0.0581 0 4.0500 0.5 1.0 0.0 0.0033731089356674386 0.0033731089356674386 G151.694-00.501
154.3460 2.6124 -43.6000 0.0349 0.0349 0 4.0500 0.5 1.0 0.0 0.00121609125625 0.00121609125625 G154.346+02.612
154.6460 2.4382 -35.2000 0.0514 0.0514 0 4.0500 0.5 1.0 0.0 0.002646187912345679 0.002646187912345679 G154.646+02.438
155.3720 2.6139 -44.0000 0.0639 0.0639 0 4.0500 0.5 1.0 0.0 0.004077336863445216 0.004077336863445216 G155.372+02.613
159.1590 3.3315 -21.9000 0.0758 0.0758 0 4.0500 0.5 1.0 0.0 0.005740777196006945 0.005740777196006945 G159.159+03.331
159.3540 2.5762 -26.0000 0.0297 0.0297 0 4.0500 0.5 1.0 0.0 0.0008836169102044752 0.0008836169102044752 G159.354+02.576
201.5350 1.5975 23.1000 0.1098 0.1098 0 4.0500 0.5 1.0 0.0 0.01205838861437114 0.01205838861437114 G201.535+01.597
203.2540 -2.3237 29.9000 0.0257 0.0257 0 4.0500 0.5 1.0 0.0 0.0006588419460069444 0.0006588419460069444 G203.254-02.324
212.0210 -1.3086 45.2000 0.1494 0.1494 0 4.0500 0.5 1.0 0.0 0.02232409515625 0.02232409515625 G212.021-01.309
212.2350 -3.4979 58.2000 0.0223 0.0223 0 4.0500 0.5 1.0 0.0 0.0004971227640624998 0.0004971227640624998 G212.235-03.498
213.0760 -2.2128 55.5000 0.0323 0.0323 0 4.0500 0.5 1.0 0.0 0.0010451570567901233 0.0010451570567901233 G213.076-02.213
216.7290 -0.1123 41.2000 0.3533 0.3533 0 4.0500 0.5 1.0 0.0 0.12483364838155861 0.12483364838155861 G216.729-00.113
218.7370 1.8506 54.5000 0.0299 0.0299 0 4.0500 0.5 1.0 0.0 0.0008936030740933642 0.0008936030740933642 G218.737+01.850
220.5240 -2.7589 70.3000 0.0505 0.0505 0 4.0500 0.5 1.0 0.0 0.002548468783352623 0.002548468783352623 G220.524-02.759
221.8560 -2.0203 38.0000 0.0336 0.0336 0 4.0500 0.5 1.0 0.0 0.001132126216840278 0.001132126216840278 G221.856-02.021
224.1580 1.2131 35.4000 0.0776 0.0776 0 4.0500 0.5 1.0 0.0 0.006027452011111112 0.006027452011111112 G224.158+01.213
227.7600 -0.1267 51.9000 0.0450 0.0450 0 4.0500 0.5 1.0 0.0 0.002029239716840278 0.002029239716840278 G227.760-00.127
231.1420 1.5039 45.7000 0.0571 0.0571 0 4.0500 0.5 1.0 0.0 0.0032589509410493834 0.0032589509410493834 G231.142+01.503
231.4810 -4.4010 54.2000 0.0711 0.0711 0 4.0500 0.5 1.0 0.0 0.0050515569102044765 0.0050515569102044765 G231.481-04.401
233.7530 -0.1921 35.3000 0.0432 0.0432 0 4.0500 0.5 1.0 0.0 0.0018664800077160494 0.0018664800077160494 G233.753-00.193
234.5760 0.8339 38.1000 0.0272 0.0272 0 4.0500 0.5 1.0 0.0 0.0007413670093364198 0.0007413670093364198 G234.576+00.833
234.6440 0.8350 38.1000 0.0182 0.0182 0 4.0500 0.5 1.0 0.0 0.0003294376251736111 0.0003294376251736111 G234.644+00.834
234.7780 -0.1862 38.6000 0.0775 0.0775 0 4.0500 0.5 1.0 0.0 0.006009673404340278 0.006009673404340278 G234.778-00.187
243.2440 0.4066 51.7000 0.1308 0.1308 0 4.0500 0.5 1.0 0.0 0.01710329941684028 0.01710329941684028 G243.244+00.406
253.6940 -0.4139 35.0000 0.2140 0.2140 0 4.0500 0.5 1.0 0.0 0.045795999999999996 0.045795999999999996 G253.694-00.414
254.6830 0.2206 64.0000 0.0535 0.0535 0 4.0500 0.5 1.0 0.0 0.002864093074382716 0.002864093074382716 G254.682+00.220
269.0680 -1.1134 15.0000 0.0403 0.0403 0 4.0500 0.5 1.0 0.0 0.0016243810685956789 0.0016243810685956789 G269.068-01.114
269.4540 -1.4679 71.0000 0.0272 0.0272 0 4.0500 0.5 1.0 0.0 0.0007406486652970679 0.0007406486652970679 G269.454-01.468
284.6360 -0.4961 5.0000 0.0284 0.0284 0 4.0500 0.5 1.0 0.0 0.0008048174977044752 0.0008048174977044752 G284.636-00.497
284.7120 0.3177 10.0000 0.0279 0.0279 0 4.0500 0.5 1.0 0.0 0.0007808764506944446 0.0007808764506944446 G284.712+00.317
286.3910 -1.3509 38.0000 0.0263 0.0263 0 4.0500 0.5 1.0 0.0 0.0006914416334104939 0.0006914416334104939 G286.391-01.351
286.4120 -1.4672 38.0000 0.0124 0.0124 0 4.0500 0.5 1.0 0.0 0.00015384887950694445 0.00015384887950694445 G286.412-01.468
286.4390 -1.4954 38.0000 0.0124 0.0124 0 4.0500 0.5 1.0 0.0 0.00015384887950694445 0.00015384887950694445 G286.439-01.496
289.0770 -0.3451 19.0000 0.0551 0.0551 0 4.0500 0.5 1.0 0.0 0.0030339594019290123 0.0030339594019290123 G289.077-00.346
289.8060 -1.2417 22.0000 0.1512 0.1512 0 4.0500 0.5 1.0 0.0 0.022873201512345682 0.022873201512345682 G289.806-01.242
289.8800 -0.8005 22.0000 0.0161 0.0161 0 4.0500 0.5 1.0 0.0 0.0002581779460069444 0.0002581779460069444 G289.880-00.801
291.0300 -0.7843 17.0000 0.0370 0.0370 0 4.0500 0.5 1.0 0.0 0.0013709226190007718 0.0013709226190007718 G291.030-00.785
291.2140 -0.2451 9.0000 0.0341 0.0341 0 4.0500 0.5 1.0 0.0 0.0011647526162229937 0.0011647526162229937 G291.214-00.246
291.4670 -0.1423 6.0000 0.0423 0.0423 0 4.0500 0.5 1.0 0.0 0.001791111713445216 0.001791111713445216 G291.467-00.143
291.6140 -0.5250 11.0000 0.1563 0.1563 0 4.0500 0.5 1.0 0.0 0.024422309724151235 0.024422309724151235 G291.614-00.525
291.8630 -0.6816 25.0000 0.0216 0.0216 0 4.0500 0.5 1.0 0.0 0.00046557052517361114 0.00046557052517361114 G291.863-00.682
291.9470 -0.9098 15.0000 0.1278 0.1278 0 4.0500 0.5 1.0 0.0 0.016332094508506947 0.016332094508506947 G291.947-00.910
293.0240 -1.0289 66.0000 0.0226 0.0226 0 4.0500 0.5 1.0 0.0 0.0005114947640624999 0.0005114947640624999 G293.024-01.029
293.6130 -1.2904 -27.0000 0.0843 0.0843 0 4.0500 -0.5 1.0 0.0 0.007103001344926698 0.007103001344926698 G293.613-01.291
294.7930 -1.3299 -22.0000 0.2292 0.2292 0 4.0500 -0.5 1.0 0.0 0.052544100625000006 0.052544100625000006 G294.793-01.330
295.1630 -0.6744 38.0000 0.0979 0.0979 0 4.0500 0.5 1.0 0.0 0.00958998567177855 0.00958998567177855 G295.163-00.675
295.7280 -0.2144 17.0000 0.1055 0.1055 0 4.0500 0.5 1.0 0.0 0.011123950197241512 0.011123950197241512 G295.728-00.215
296.6600 -0.9244 25.0000 0.0751 0.0751 0 4.0500 0.5 1.0 0.0 0.0056450803890624995 0.0056450803890624995 G296.660-00.925
297.4970 -0.7573 23.0000 0.0300 0.0300 0 4.0500 0.5 1.0 0.0 0.0009024933912229939 0.0009024933912229939 G297.497-00.758
297.6510 -0.9726 26.0000 0.0238 0.0238 0 4.0500 0.5 1.0 0.0 0.0005664862787229937 0.0005664862787229937 G297.651-00.973
298.1830 -0.7831 16.0000 0.0243 0.0243 0 4.0500 0.5 1.0 0.0 0.0005880625 0.0005880625 G298.183-00.784
298.2240 -0.3340 31.0000 0.0421 0.0421 0 4.0500 0.5 1.0 0.0 0.0017734158648919753 0.0017734158648919753 G298.224-00.334
298.5290 -0.2508 23.0000 0.1354 0.1354 0 4.0500 0.5 1.0 0.0 0.018331354711111112 0.018331354711111112 G298.529-00.251
298.8460 -0.3336 25.0000 0.0171 0.0171 0 4.0500 0.5 1.0 0.0 0.0002925382640625 0.0002925382640625 G298.846-00.334
298.8620 -0.4319 25.0000 0.0403 0.0403 0 4.0500 0.5 1.0 0.0 0.0016249856790123455 0.0016249856790123455 G298.862-00.432
299.0130 0.1297 23.0000 0.0089 0.0089 0 4.0500 0.5 1.0 0.0 7.912596674382716e-05 7.912596674382716e-05 G299.013+00.129
299.0430 0.1865 23.0000 0.0406 0.0406 0 4.0500 0.5 1.0 0.0 0.0016521063484567903 0.0016521063484567903 G299.043+00.186
299.3490 -0.2665 -37.0000 0.0194 0.0194 0 4.0500 -0.5 1.0 0.0 0.0003780864197530864 0.0003780864197530864 G299.349-00.267
300.5020 -0.1796 26.0000 0.0184 0.0184 0 4.0500 0.5 1.0 0.0 0.0003391429173611111 0.0003391429173611111 G300.502-00.180
302.5030 -0.7619 31.0000 0.0350 0.0350 0 4.0500 0.5 1.0 0.0 0.0012225123753086418 0.0012225123753086418 G302.503-00.762
302.5820 -0.0826 31.0000 0.0653 0.0653 0 4.0500 0.5 1.0 0.0 0.004268190374151236 0.004268190374151236 G302.582-00.083
302.8050 1.2874 -32.0000 0.0274 0.0274 0 4.0500 -0.5 1.0 0.0 0.00075089700625 0.00075089700625 G302.805+01.287
303.1160 -0.9707 26.0000 0.0165 0.0165 0 4.0500 0.5 1.0 0.0 0.0002731674382716049 0.0002731674382716049 G303.116-00.971
303.4450 -0.7440 32.0000 0.0605 0.0605 0 4.0500 0.5 1.0 0.0 0.003659544200694445 0.003659544200694445 G303.445-00.745
306.3210 -0.3576 -16.0000 0.0145 0.0145 0 4.0500 0.5 1.0 0.0 0.0002092161352044753 0.0002092161352044753 G306.321-00.358
308.0790 -0.4051 -17.0000 0.0183 0.0183 0 4.0500 0.5 1.0 0.0 0.0003358514390625001 0.0003358514390625001 G308.079-00.406
308.7130 0.6460 -50.0000 0.0663 0.0663 0 4.0500 -0.5 1.0 0.0 0.004398047649382716 0.004398047649382716 G308.713+00.646
310.1680 -0.1315 4.0000 0.0340 0.0340 0 4.0500 0.5 1.0 0.0 0.0011558111188271604 0.0011558111188271604 G310.168-00.132
310.9830 0.4048 -51.0000 0.0384 0.0384 0 4.0500 -0.5 1.0 0.0 0.001472363485262346 0.001472363485262346 G310.983+00.404
311.1380 -0.2779 36.0000 0.0494 0.0494 0 4.0500 0.5 1.0 0.0 0.0024437093706790123 0.0024437093706790123 G311.138-00.278
311.6390 -0.6269 32.0000 0.0364 0.0364 0 4.0500 0.5 1.0 0.0 0.0013266490935378086 0.0013266490935378086 G311.639-00.627
311.9190 0.2049 -45.0000 0.0217 0.0217 0 4.0500 0.5 1.0 0.0 0.000470480200308642 0.000470480200308642 G311.919+00.204
313.4600 0.1924 -5.0000 0.0118 0.0118 0 4.0500 0.5 1.0 0.0 0.00013952071912345677 0.00013952071912345677 G313.460+00.192
315.3120 -0.2712 16.0000 0.0160 0.0160 0 4.0500 0.5 1.0 0.0 0.00025704105624999995 0.00025704105624999995 G315.312-00.272
316.3690 -0.3677 3.0000 0.0339 0.0339 0 4.0500 0.5 1.0 0.0 0.001152329030111883 0.001152329030111883 G316.369-00.368
316.7960 -0.0556 -36.0000 0.0433 0.0433 0 4.0500 -0.5 1.0 0.0 0.0018753831713155865 0.0018753831713155865 G316.796-00.056
318.9150 -0.1650 -29.0000 0.0134 0.0134 0 4.0500 0.5 1.0 0.0 0.0001789850055007716 0.0001789850055007716 G318.915-00.165
319.1640 -0.4202 -22.0000 0.0128 0.0128 0 4.0500 0.5 1.0 0.0 0.00016447884375482254 0.00016447884375482254 G319.164-00.421
319.3480 0.0180 -14.0000 0.0182 0.0182 0 4.0500 0.5 1.0 0.0 0.0003312147227044753 0.0003312147227044753 G319.348+00.018
319.8840 0.7940 -38.0000 0.0282 0.0282 0 4.0500 -0.5 1.0 0.0 0.0007936193265624999 0.0007936193265624999 G319.884+00.793
320.1040 -0.5105 -13.0000 0.0361 0.0361 0 4.0500 0.5 1.0 0.0 0.0013019367833526237 0.0013019367833526237 G320.104-00.511
320.1630 0.7971 -36.0000 0.0259 0.0259 0 4.0500 -0.5 1.0 0.0 0.0006689838556327161 0.0006689838556327161 G320.163+00.797
320.2480 0.4423 -31.0000 0.0451 0.0451 0 4.0500 -0.5 1.0 0.0 0.0020351501875192895 0.0020351501875192895 G320.248+00.442
320.3110 -0.1759 -11.0000 0.0128 0.0128 0 4.0500 0.5 1.0 0.0 0.00016313427271778548 0.00016313427271778548 G320.311-00.176
320.3570 0.1536 -3.0000 0.0097 0.0097 0 4.0500 0.5 1.0 0.0 9.450594200694447e-05 9.450594200694447e-05 G320.357+00.153
320.6920 0.1856 -7.0000 0.0474 0.0474 0 4.0500 0.5 1.0 0.0 0.002243811634567901 0.002243811634567901 G320.692+00.185
321.0150 -0.5264 -61.0000 0.0337 0.0337 0 4.0500 -0.5 1.0 0.0 0.0011332854685378087 0.0011332854685378087 G321.015-00.527
321.1150 -0.5458 -56.0000 0.0349 0.0349 0 4.0500 -0.5 1.0 0.0 0.00121644000625 0.00121644000625 G321.115-00.546
322.1620 0.6256 -52.0000 0.0242 0.0242 0 4.0500 -0.5 1.0 0.0 0.000585532449382716 0.000585532449382716 G322.162+00.625
324.9240 -0.5690 25.0000 0.0109 0.0109 0 4.0500 0.5 1.0 0.0 0.00011964349002777779 0.00011964349002777779 G324.924-00.569
326.2700 0.7836 -45.0000 0.1319 0.1319 0 4.0500 -0.5 1.0 0.0 0.01740167715434028 0.01740167715434028 G326.270+00.783
326.4460 0.9019 -39.0000 0.0249 0.0249 0 4.0500 -0.5 1.0 0.0 0.0006179712620563272 0.0006179712620563272 G326.446+00.901
326.6430 0.5149 -44.0000 0.0729 0.0729 0 4.0500 -0.5 1.0 0.0 0.005315118773630401 0.005315118773630401 G326.643+00.514
327.2850 -0.5756 -48.0000 0.0063 0.0063 0 4.0500 -0.5 1.0 0.0 3.9441540062499994e-05 3.9441540062499994e-05 G327.285-00.576
327.7700 -0.3454 -72.0000 0.0170 0.0170 0 4.0500 -0.5 1.0 0.0 0.0002887072963734568 0.0002887072963734568 G327.770-00.346
328.5510 -0.4990 -51.0000 0.0087 0.0087 0 4.0500 -0.5 1.0 0.0 7.523731222530863e-05 7.523731222530863e-05 G328.551-00.500
328.5550 -0.5351 -51.0000 0.0038 0.0038 0 4.0500 -0.5 1.0 0.0 1.4460696299382715e-05 1.4460696299382715e-05 G328.555-00.536
328.5720 -0.5261 -51.0000 0.0138 0.0138 0 4.0500 -0.5 1.0 0.0 0.000189845148574267 0.000189845148574267 G328.572-00.527
328.5740 -0.5612 -51.0000 0.0116 0.0116 0 4.0500 -0.5 1.0 0.0 0.00013545694530111882 0.00013545694530111882 G328.574-00.562
328.5870 -0.4875 -51.0000 0.0047 0.0047 0 4.0500 -0.5 1.0 0.0 2.249433628260031e-05 2.249433628260031e-05 G328.587-00.488
328.5890 -0.5254 -51.0000 0.0038 0.0038 0 4.0500 -0.5 1.0 0.0 1.4460696299382715e-05 1.4460696299382715e-05 G328.589-00.526
330.2900 -0.3943 -76.0000 0.0205 0.0205 0 4.0500 0.5 1.0 0.0 0.00042185166205632713 0.00042185166205632713 G330.290-00.395
330.6730 -0.3876 -61.0000 0.0158 0.0158 0 4.0500 -0.5 1.0 0.0 0.00025003515625 0.00025003515625 G330.673-00.388
330.8730 -0.3683 -56.0000 0.0137 0.0137 0 4.0500 -0.5 1.0 0.0 0.00018853387697241513 0.00018853387697241513 G330.873-00.369
331.1230 -0.5293 -68.0000 0.0199 0.0199 0 4.0500 -0.5 1.0 0.0 0.0003971827558641975 0.0003971827558641975 G331.123-00.530
331.3380 -0.3648 -64.0000 0.0289 0.0289 0 4.0500 -0.5 1.0 0.0 0.0008364467352623457 0.0008364467352623457 G331.338-00.365
331.5200 -0.0753 -89.0000 0.0213 0.0213 0 4.0500 -0.5 1.0 0.0 0.0004527497376736111 0.0004527497376736111 G331.520-00.076
332.1450 -0.4511 -55.0000 0.0328 0.0328 0 4.0500 -0.5 1.0 0.0 0.0010768971484567903 0.0010768971484567903 G332.145-00.452
332.6570 -0.6220 -48.0000 0.0304 0.0304 0 4.0500 -0.5 1.0 0.0 0.0009237884817901236 0.0009237884817901236 G332.657-00.622
332.7620 -0.5949 -57.0000 0.0571 0.0571 0 4.0500 -0.5 1.0 0.0 0.003259030229340278 0.003259030229340278 G332.762-00.595
332.8490 -1.4979 -41.0000 0.0690 0.0690 0 4.0500 -0.5 1.0 0.0 0.004756860900000001 0.004756860900000001 G332.849-01.498
332.9640 0.7714 -52.0000 0.0101 0.0101 0 4.0500 -0.5 1.0 0.0 0.00010255922338445214 0.00010255922338445214 G332.964+00.771
333.0110 -0.4409 -53.8000 0.0191 0.0191 0 4.0500 -0.5 1.0 0.0 0.0003647675567901234 0.0003647675567901234 G333.011-00.441
333.0930 1.9666 -20.0000 0.1027 0.1027 0 4.0500 -0.5 1.0 0.0 0.010555792990817903 0.010555792990817903 G333.093+01.966
333.1290 -0.4387 -52.0000 0.0156 0.0156 0 4.0500 -0.5 1.0 0.0 0.0002443490027777777 0.0002443490027777777 G333.129-00.439
333.2880 -0.3983 -50.0000 0.0121 0.0121 0 4.0500 -0.5 1.0 0.0 0.00014527179576562498 0.00014527179576562498 G333.288-00.399
333.6270 -0.1983 -46.0000 0.0376 0.0376 0 4.0500 -0.5 1.0 0.0 0.0014131020765625 0.0014131020765625 G333.627-00.199
333.6810 -0.4401 -50.0000 0.0092 0.0092 0 4.0500 0.5 1.0 0.0 8.395776921778548e-05 8.395776921778548e-05 G333.681-00.441
334.6980 -0.0900 -32.0000 0.0219 0.0219 0 4.0500 0.5 1.0 0.0 0.0004808883506944444 0.0004808883506944444 G334.698-00.090
334.7210 -0.6524 16.0000 0.0147 0.0147 0 4.0500 0.5 1.0 0.0 0.0002151111111111111 0.0002151111111111111 G334.721-00.653
336.3580 -0.1368 -88.0000 0.0147 0.0147 0 4.0500 0.5 1.0 0.0 0.0002151111111111111 0.0002151111111111111 G336.358-00.137
336.4550 0.0428 -63.0000 0.0274 0.0274 0 4.0500 0.5 1.0 0.0 0.0007486608027777778 0.0007486608027777778 G336.455+00.042
336.4910 -1.4731 -25.0000 0.0129 0.0129 0 4.0500 -0.5 1.0 0.0 0.00016737890625000002 0.00016737890625000002 G336.491-01.474
336.5390 -0.1974 -84.0000 0.0147 0.0147 0 4.0500 0.5 1.0 0.0 0.0002151111111111111 0.0002151111111111111 G336.539-00.198
336.9190 -0.1871 -76.1000 0.0266 0.0266 0 4.0500 0.5 1.0 0.0 0.0007052344140625 0.0007052344140625 G336.919-00.188
337.1210 -0.1790 -73.0000 0.0205 0.0205 0 4.0500 0.5 1.0 0.0 0.00041830475625000005 0.00041830475625000005 G337.120-00.180
337.6520 -0.0496 -55.0000 0.0275 0.0275 0 4.0500 0.5 1.0 0.0 0.0007549290495563271 0.0007549290495563271 G337.652-00.050
337.9220 -0.4622 -40.0000 0.0151 0.0151 0 4.0500 -0.5 1.0 0.0 0.00022913129184027773 0.00022913129184027773 G337.922-00.463
338.0750 0.0160 -47.0000 0.0104 0.0104 0 4.0500 0.5 1.0 0.0 0.00010886574751562501 0.00010886574751562501 G338.075+00.016
338.1140 -0.1929 -53.0000 0.0377 0.0377 0 4.0500 0.5 1.0 0.0 0.0014222012293402778 0.0014222012293402778 G338.114-00.193
338.4050 -0.2029 2.0000 0.0088 0.0088 0 4.0500 0.5 1.0 0.0 7.774634681790123e-05 7.774634681790123e-05 G338.405-00.203
338.7060 0.6459 -62.0000 0.0253 0.0253 0 4.0500 -0.5 1.0 0.0 0.0006379623543402779 0.0006379623543402779 G338.706+00.645
338.9110 0.6159 -63.0000 0.0314 0.0314 0 4.0500 -0.5 1.0 0.0 0.0009874346065007714 0.0009874346065007714 G338.911+00.615
338.9340 -0.0669 -40.0000 0.0335 0.0335 0 4.0500 -0.5 1.0 0.0 0.0011216359173611109 0.0011216359173611109 G338.934-00.067
339.0890 0.7137 -59.7000 0.0263 0.0263 0 4.0500 -0.5 1.0 0.0 0.0006900837114197529 0.0006900837114197529 G339.089+00.713
339.1340 -0.3767 -37.0000 0.0358 0.0358 0 4.0500 -0.5 1.0 0.0 0.0012831022501736112 0.0012831022501736112 G339.134-00.377
339.2330 0.2438 -71.0000 0.0673 0.0673 0 4.0500 0.5 1.0 0.0 0.0045252528999999994 0.0045252528999999994 G339.233+00.243
339.5850 -0.1035 -30.0000 0.0418 0.0418 0 4.0500 0.5 1.0 0.0 0.0017472516111304017 0.0017472516111304017 G339.585-00.104
339.8450 0.2997 -19.0000 0.0136 0.0136 0 4.0500 0.5 1.0 0.0 0.000184613739986304 0.000184613739986304 G339.845+00.299
340.0510 -0.2310 -52.0000 0.0103 0.0103 0 4.0500 -0.5 1.0 0.0 0.00010626087708506945 0.00010626087708506945 G340.051-00.231
340.2940 -0.1923 -43.0000 0.0320 0.0320 0 4.0500 -0.5 1.0 0.0 0.0010229513797067903 0.0010229513797067903 G340.294-00.193
340.7800 -1.0220 -25.0000 0.0178 0.0178 0 4.0500 -0.5 1.0 0.0 0.00031711694938271615 0.00031711694938271615 G340.780-01.022
341.2070 -0.2314 -42.8000 0.0081 0.0081 0 4.0500 -0.5 1.0 0.0 6.514911225000001e-05 6.514911225000001e-05 G341.207-00.232
341.9680 0.2248 -8.0000 0.0138 0.0138 0 4.0500 0.5 1.0 0.0 0.000191102976 0.000191102976 G341.968+00.224
342.0620 0.4174 -65.0000 0.0243 0.0243 0 4.0500 -0.5 1.0 0.0 0.0005908005408179011 0.0005908005408179011 G342.062+00.417
342.3540 -0.0463 -13.0000 0.0172 0.0172 0 4.0500 0.5 1.0 0.0 0.0002942797293402778 0.0002942797293402778 G342.354-00.047
343.8110 0.1511 3.5000 0.0109 0.0109 0 4.0500 0.5 1.0 0.0 0.0001182855633402778 0.0001182855633402778 G343.811+00.151
343.9120 0.1162 5.3000 0.0127 0.0127 0 4.0500 0.5 1.0 0.0 0.000161178894140625 0.000161178894140625 G343.912+00.116
344.2240 -0.5936 -27.0000 0.0126 0.0126 0 4.0500 -0.5 1.0 0.0 0.00015930892366685956 0.00015930892366685956 G344.224-00.594
344.4240 0.0446 -67.0000 0.0133 0.0133 0 4.0500 -0.5 1.0 0.0 0.00017599228354340276 0.00017599228354340276 G344.424+00.044
345.4100 -0.9523 -15.7000 0.0454 0.0454 0 4.0500 -0.5 1.0 0.0 0.002057441400945216 0.002057441400945216 G345.410-00.953
345.4860 0.3156 -22.3000 0.0057 0.0057 0 4.0500 0.5 1.0 0.0 3.225324953780864e-05 3.225324953780864e-05 G345.486+00.315
345.4930 0.3038 -22.3000 0.0080 0.0080 0 4.0500 0.5 1.0 0.0 6.322326003780864e-05 6.322326003780864e-05 G345.493+00.303
345.6510 0.0154 -10.0000 0.0136 0.0136 0 4.0500 0.5 1.0 0.0 0.00018619095239371143 0.00018619095239371143 G345.651+00.015
346.8730 0.3302 4.1000 0.0111 0.0111 0 4.0500 0.5 1.0 0.0 0.00012299919025000002 0.00012299919025000002 G346.873+00.330
347.9210 -0.7627 6.1000 0.0096 0.0096 0 4.0500 0.5 1.0 0.0 9.202005316840278e-05 9.202005316840278e-05 G347.921-00.763
348.2490 -0.9703 -15.7000 0.0402 0.0402 0 4.0500 -0.5 1.0 0.0 0.001618363501234568 0.001618363501234568 G348.249-00.971
348.5330 -0.9720 -12.1000 0.0080 0.0080 0 4.0500 -0.5 1.0 0.0 6.4e-05 6.4e-05 G348.533-00.973
348.8920 -0.1785 10.1000 0.0039 0.0039 0 4.0500 0.5 1.0 0.0 1.5271378463734568e-05 1.5271378463734568e-05 G348.892-00.179
349.3280 0.0206 13.6000 0.0116 0.0116 0 4.0500 0.5 1.0 0.0 0.000134881769908179 0.000134881769908179 G349.328+00.020
349.4070 0.1884 4.9000 0.0071 0.0071 0 4.0500 0.5 1.0 0.0 4.979282016222994e-05 4.979282016222994e-05 G349.407+00.188
349.7280 0.1681 10.1000 0.0159 0.0159 0 4.0500 0.5 1.0 0.0 0.00025389324122299377 0.00025389324122299377 G349.728+00.168
