GLON GLAT VLSR a b pa d_VLSR p_far cos_pa sin_pa aa bb f_avg Source in_grs
18.6210 -0.0930 45.5000 0.1395 0.1395 0 1.3600 -0.5 1.0 0.0 0.019460249999999995 0.019460249999999995 0 2430 1
18.6680 0.0350 80.0000 0.0637 0.0637 0 1.4400 0.5 1.0 0.0 0.004053444444444444 0.004053444444444444 0 2431 1
18.7060 -0.2310 43.5000 0.0775 0.0775 0 2.9400 0.5 1.0 0.0 0.00600625 0.00600625 0 2436 1
18.6930 0.0120 27.2000 0.0695 0.0695 0 1.6400 0.5 1.0 0.0 0.004830249999999999 0.004830249999999999 0 2439 1
18.6830 0.2870 19.5000 0.1345 0.1345 0 2.4300 0.5 1.0 0.0 0.018090250000000002 0.018090250000000002 0 2446 1
18.8410 -0.2950 42.7000 0.0262 0.0262 0 1.0100 0.5 1.0 0.0 0.0006846944444444445 0.0006846944444444445 0 2456 1
18.9190 -0.3560 65.0000 0.3233 0.3233 0 2.3000 -0.5 1.0 0.0 0.10454444444444443 0.10454444444444443 0 2460 1
18.9200 -0.4010 25.5000 0.0838 0.0838 0 0.8900 -0.5 1.0 0.0 0.00702802777777778 0.00702802777777778 0 2464 1
18.8870 0.0410 49.2000 0.0595 0.0595 0 1.3700 0.5 1.0 0.0 0.0035402499999999996 0.0035402499999999996 0 2469 1
19.0320 0.0120 46.0000 0.1218 0.1218 0 1.8000 -0.5 1.0 0.0 0.014843361111111108 0.014843361111111108 0 2484 1
18.9570 -0.3080 48.7000 0.0358 0.0358 0 1.0000 0.5 1.0 0.0 0.0012840277777777774 0.0012840277777777774 0 2488 1
18.9730 0.1330 66.7000 0.0393 0.0393 0 1.4100 0.5 1.0 0.0 0.0015471111111111109 0.0015471111111111109 0 2496 1
19.0400 -0.5540 48.1000 0.0372 0.0372 0 1.4900 0.5 1.0 0.0 0.0013813611111111112 0.0013813611111111112 0 2503 1
19.1670 -0.2580 100.6000 0.1143 0.1143 0 1.5200 0.5 1.0 0.0 0.013072111111111112 0.013072111111111112 0 2520 1
19.2620 0.3380 19.7000 0.0932 0.0932 0 1.9300 0.5 1.0 0.0 0.008680027777777776 0.008680027777777776 0 2550 1
19.2880 -0.3780 52.8000 0.0372 0.0372 0 1.1900 -0.5 1.0 0.0 0.0013813611111111112 0.0013813611111111112 0 2553 1
19.2340 -0.4020 43.9000 0.0615 0.0615 0 0.7500 -0.5 1.0 0.0 0.00378225 0.00378225 0 2557 1
19.4230 -0.1830 60.2000 0.0783 0.0783 0 2.3800 0.5 1.0 0.0 0.006136111111111112 0.006136111111111112 0 2560 1
19.3770 0.0100 26.4000 0.2118 0.2118 0 1.7900 -0.5 1.0 0.0 0.044873361111111114 0.044873361111111114 0 2561 1
19.4850 0.1550 113.1000 0.0745 0.0745 0 1.1600 0.5 1.0 0.0 0.00555025 0.00555025 0 2567 1
19.4810 0.1680 21.3000 0.0358 0.0358 0 2.1900 0.5 1.0 0.0 0.0012840277777777774 0.0012840277777777774 0 2573 1
19.5500 -0.4520 63.5000 0.0470 0.0470 0 1.0300 0.5 1.0 0.0 0.002209 0.002209 0 2588 1
19.5980 -0.0900 60.5000 0.0852 0.0852 0 3.3900 0.5 1.0 0.0 0.0072533611111111115 0.0072533611111111115 0 2599 1
19.6220 -0.2310 41.1000 0.1015 0.1015 0 2.7000 -0.5 1.0 0.0 0.010302249999999999 0.010302249999999999 0 2603 1
19.6310 -0.1690 35.9000 0.0327 0.0327 0 1.5600 0.5 1.0 0.0 0.001067111111111111 0.001067111111111111 0 2606 1
19.7210 -0.1200 59.0000 0.0858 0.0858 0 2.6100 0.5 1.0 0.0 0.007367361111111113 0.007367361111111113 0 2614 1
19.7350 0.2590 19.6000 0.0665 0.0665 0 1.9400 0.5 1.0 0.0 0.004422250000000001 0.004422250000000001 0 2616 1
19.8400 -0.3390 44.6000 0.0367 0.0367 0 0.7300 0.5 1.0 0.0 0.0013444444444444445 0.0013444444444444445 0 2630 1
19.9000 0.1040 45.7000 0.0192 0.0192 0 0.6700 0.5 1.0 0.0 0.00036736111111111106 0.00036736111111111106 0 2637 1
19.8550 -0.4170 69.7000 0.1123 0.1123 0 1.7800 -0.5 1.0 0.0 0.012618777777777779 0.012618777777777779 0 2638 1
19.9270 -0.2290 65.7000 0.0720 0.0720 0 2.1800 -0.5 1.0 0.0 0.005184000000000001 0.005184000000000001 0 2641 1
19.9690 -0.2200 44.5000 0.0643 0.0643 0 1.3700 0.5 1.0 0.0 0.004138777777777777 0.004138777777777777 0 2649 1
20.0620 -0.1520 56.1000 0.0878 0.0878 0 2.2000 0.5 1.0 0.0 0.0077146944444444416 0.0077146944444444416 0 2650 1
20.0430 0.1990 17.7000 0.0183 0.0183 0 1.2200 0.5 1.0 0.0 0.00033611111111111114 0.00033611111111111114 0 2656 1
20.0840 -0.1470 42.2000 0.0590 0.0590 0 1.8100 0.5 1.0 0.0 0.0034809999999999997 0.0034809999999999997 0 2659 1
20.1610 -0.0590 63.7000 0.0173 0.0173 0 1.2400 0.5 1.0 0.0 0.00030044444444444443 0.00030044444444444443 0 2663 1
20.3060 0.0720 72.5000 0.1138 0.1138 0 3.2600 0.5 1.0 0.0 0.012958027777777777 0.012958027777777777 0 2664 1
20.3040 -0.2120 96.1000 0.0367 0.0367 0 0.8300 -0.5 1.0 0.0 0.0013444444444444445 0.0013444444444444445 0 2669 1
20.3710 -0.0150 51.0000 0.0345 0.0345 0 1.7800 0.5 1.0 0.0 0.0011902499999999997 0.0011902499999999997 0 2673 1
20.4110 0.0370 76.2000 0.1500 0.1500 0 2.8000 -0.5 1.0 0.0 0.0225 0.0225 0 2679 1
20.4710 0.1480 23.7000 0.0868 0.0868 0 2.7500 0.5 1.0 0.0 0.0075400277777777774 0.0075400277777777774 0 2687 1
20.6690 -0.1300 56.4000 0.0680 0.0680 0 2.7500 0.5 1.0 0.0 0.0046240000000000005 0.0046240000000000005 0 2707 1
20.6850 -0.3340 62.6000 0.1010 0.1010 0 1.8100 -0.5 1.0 0.0 0.010200999999999998 0.010200999999999998 0 2713 1
20.7660 0.4850 28.8000 0.1008 0.1008 0 1.9500 -0.5 1.0 0.0 0.01016736111111111 0.01016736111111111 0 2717 1
20.7680 -0.0650 58.4000 0.0695 0.0695 0 2.4000 0.5 1.0 0.0 0.004830249999999999 0.004830249999999999 0 2720 1
20.7710 -0.2110 54.3000 0.0255 0.0255 0 1.5100 0.5 1.0 0.0 0.0006502499999999999 0.0006502499999999999 0 2724 1
20.8390 0.1390 57.8000 0.0703 0.0703 0 1.5900 -0.5 1.0 0.0 0.004946777777777777 0.004946777777777777 0 2737 1
20.9050 -0.1590 62.4000 0.0755 0.0755 0 2.5600 0.5 1.0 0.0 0.00570025 0.00570025 0 2738 1
20.8970 -0.0200 31.2000 0.0865 0.0865 0 2.1900 0.5 1.0 0.0 0.007482250000000001 0.007482250000000001 0 2740 1
20.9940 0.1180 20.9000 0.0870 0.0870 0 2.3700 0.5 1.0 0.0 0.007568999999999999 0.007568999999999999 0 2741 1
21.1790 -0.3200 36.4000 0.0842 0.0842 0 2.4000 0.5 1.0 0.0 0.007084027777777778 0.007084027777777778 0 2756 1
21.2830 0.1860 25.5000 0.0935 0.0935 0 1.4300 -0.5 1.0 0.0 0.00874225 0.00874225 0 2765 1
21.2240 -0.1530 91.6000 0.0867 0.0867 0 1.2000 0.5 1.0 0.0 0.007511111111111112 0.007511111111111112 0 2766 1
21.2600 0.2730 38.8000 0.0722 0.0722 0 1.7700 0.5 1.0 0.0 0.0052080277777777784 0.0052080277777777784 0 2768 1
21.3180 -0.1320 66.0000 0.0968 0.0968 0 1.3600 -0.5 1.0 0.0 0.009376694444444443 0.009376694444444443 0 2777 1
21.3780 -0.2280 90.8000 0.0898 0.0898 0 1.5000 -0.5 1.0 0.0 0.008070027777777775 0.008070027777777775 0 2784 1
21.3230 0.0140 74.5000 0.1115 0.1115 0 1.8100 -0.5 1.0 0.0 0.01243225 0.01243225 0 2787 1
21.3950 -0.6070 54.6000 0.1218 0.1218 0 1.5300 -0.5 1.0 0.0 0.014843361111111108 0.014843361111111108 0 2788 1
21.5250 0.2500 78.2000 0.0593 0.0593 0 1.7700 0.5 1.0 0.0 0.0035204444444444445 0.0035204444444444445 0 2793 1
21.5570 -0.0450 113.9000 0.0688 0.0688 0 1.1200 0.5 1.0 0.0 0.004738027777777778 0.004738027777777778 0 2797 1
21.7320 -0.0160 22.2000 0.0817 0.0817 0 2.3400 0.5 1.0 0.0 0.006669444444444444 0.006669444444444444 0 2809 1
21.9080 -0.1000 89.3000 0.0468 0.0468 0 1.2000 -0.5 1.0 0.0 0.0021933611111111108 0.0021933611111111108 0 2822 1
21.9500 0.1120 75.8000 0.1028 0.1028 0 2.5200 0.5 1.0 0.0 0.010574694444444444 0.010574694444444444 0 2828 1
21.9700 0.1470 36.3000 0.0742 0.0742 0 2.3100 0.5 1.0 0.0 0.005500694444444445 0.005500694444444445 0 2829 1
21.9790 -0.1890 70.5000 0.0530 0.0530 0 1.8800 0.5 1.0 0.0 0.002809 0.002809 0 2833 1
22.0430 0.2740 50.8000 0.2352 0.2352 0 1.5900 -0.5 1.0 0.0 0.05530336111111111 0.05530336111111111 0 2837 1
22.1750 0.0040 44.0000 0.0683 0.0683 0 1.8000 -0.5 1.0 0.0 0.004669444444444444 0.004669444444444444 0 2845 1
22.3710 0.4350 60.5000 0.0808 0.0808 0 0.9600 -0.5 1.0 0.0 0.006534027777777777 0.006534027777777777 0 2853 1
22.3340 0.0710 85.0000 0.0755 0.0755 0 3.5400 -0.5 1.0 0.0 0.00570025 0.00570025 0 2854 1
22.3960 0.3640 84.5000 0.0828 0.0828 0 1.0900 -0.5 1.0 0.0 0.006861361111111111 0.006861361111111111 0 2858 1
22.3660 0.4470 53.0000 0.0658 0.0658 0 0.7700 -0.5 1.0 0.0 0.004334027777777779 0.004334027777777779 0 2860 1
22.4440 -0.1800 40.8000 0.0568 0.0568 0 1.6600 0.5 1.0 0.0 0.003230027777777778 0.003230027777777778 0 2862 1
22.4400 -0.1650 29.0000 0.0898 0.0898 0 1.9000 0.5 1.0 0.0 0.008070027777777775 0.008070027777777775 0 2865 1
22.5630 -0.2040 77.3000 0.1087 0.1087 0 2.4400 -0.5 1.0 0.0 0.011808444444444443 0.011808444444444443 0 2879 1
22.5520 -0.0320 95.9000 0.0287 0.0287 0 1.3900 0.5 1.0 0.0 0.0008217777777777778 0.0008217777777777778 0 2887 1
22.5630 0.1790 16.2000 0.0345 0.0345 0 2.0800 0.5 1.0 0.0 0.0011902499999999997 0.0011902499999999997 0 2890 1
22.7000 -0.0180 36.4000 0.0462 0.0462 0 1.1300 0.5 1.0 0.0 0.002131361111111111 0.002131361111111111 0 2906 1
22.7610 -0.2640 72.4000 0.0477 0.0477 0 1.5300 -0.5 1.0 0.0 0.0022721111111111106 0.0022721111111111106 0 2907 1
22.7270 -0.2440 105.6000 0.0565 0.0565 0 2.0800 -0.5 1.0 0.0 0.00319225 0.00319225 0 2914 1
22.7190 -0.0830 74.1000 0.0820 0.0820 0 3.3400 0.5 1.0 0.0 0.006724000000000001 0.006724000000000001 0 2917 1
22.7870 -0.4930 63.2000 0.0820 0.0820 0 2.0600 0.5 1.0 0.0 0.006724000000000001 0.006724000000000001 0 2935 1
22.9530 -0.1650 64.7000 0.0767 0.0767 0 1.4300 -0.5 1.0 0.0 0.005877777777777777 0.005877777777777777 0 2951 1
22.9610 0.0080 79.9000 0.0632 0.0632 0 2.0100 -0.5 1.0 0.0 0.003990027777777777 0.003990027777777777 0 2957 1
22.9880 -0.4010 75.5000 0.1205 0.1205 0 2.7000 -0.5 1.0 0.0 0.014520250000000002 0.014520250000000002 0 2971 1
23.0500 -0.0910 102.7000 0.0847 0.0847 0 2.1900 -0.5 1.0 0.0 0.007168444444444444 0.007168444444444444 0 2974 1
23.0940 0.1670 103.6000 0.0602 0.0602 0 1.2700 -0.5 1.0 0.0 0.003620027777777778 0.003620027777777778 0 2992 1
23.2270 0.0080 76.9000 0.0512 0.0512 0 2.0700 -0.5 1.0 0.0 0.0026180277777777777 0.0026180277777777777 0 3016 1
23.2290 -0.3530 77.0000 0.0728 0.0728 0 2.2200 -0.5 1.0 0.0 0.005304694444444444 0.005304694444444444 0 3018 1
23.2690 0.0880 77.5000 0.0323 0.0323 0 1.0500 -0.5 1.0 0.0 0.0010454444444444443 0.0010454444444444443 0 3026 1
23.3330 -0.2270 80.4000 0.0822 0.0822 0 2.7300 -0.5 1.0 0.0 0.006751361111111111 0.006751361111111111 0 3029 1
23.3730 -0.2810 78.1000 0.0278 0.0278 0 1.9500 0.5 1.0 0.0 0.0007746944444444444 0.0007746944444444444 0 3053 1
23.3940 0.1960 75.3000 0.0332 0.0332 0 1.0900 -0.5 1.0 0.0 0.0011000277777777777 0.0011000277777777777 0 3060 1
23.3970 0.4540 108.0000 0.0390 0.0390 0 1.3300 -0.5 1.0 0.0 0.001521 0.001521 0 3061 1
23.4100 -0.2170 101.4000 0.1035 0.1035 0 4.0800 -0.5 1.0 0.0 0.01071225 0.01071225 0 3065 1
23.4740 0.0810 86.0000 0.0718 0.0718 0 1.2900 -0.5 1.0 0.0 0.005160027777777777 0.005160027777777777 0 3077 1
23.5660 0.0330 105.5000 0.0652 0.0652 0 1.3500 -0.5 1.0 0.0 0.004246694444444444 0.004246694444444444 0 3116 1
23.4660 -0.0540 53.5000 0.1733 0.1733 0 1.6500 -0.5 1.0 0.0 0.030044444444444447 0.030044444444444447 0 3125 1
23.7100 -0.1810 69.8000 0.0625 0.0625 0 2.3700 0.5 1.0 0.0 0.00390625 0.00390625 0 3153 1
23.8260 -0.0490 56.9000 0.0852 0.0852 0 1.0200 0.5 1.0 0.0 0.0072533611111111115 0.0072533611111111115 0 3170 1
23.8800 -0.1160 75.1000 0.0662 0.0662 0 2.5600 -0.5 1.0 0.0 0.0043780277777777776 0.0043780277777777776 0 3183 1
23.8590 -0.3010 55.9000 0.1202 0.1202 0 0.9600 0.5 1.0 0.0 0.014440027777777776 0.014440027777777776 0 3185 1
23.8890 0.0770 38.5000 0.1013 0.1013 0 2.4500 -0.5 1.0 0.0 0.010268444444444445 0.010268444444444445 0 3189 1
23.9130 0.1560 80.5000 0.1475 0.1475 0 1.7800 -0.5 1.0 0.0 0.021756249999999998 0.021756249999999998 0 3200 1
23.9420 -0.1040 73.1000 0.0678 0.0678 0 2.3600 0.5 1.0 0.0 0.0046013611111111125 0.0046013611111111125 0 3202 1
24.0210 0.0580 111.7000 0.0378 0.0378 0 1.1800 -0.5 1.0 0.0 0.001431361111111111 0.001431361111111111 0 3212 1
24.0410 0.2690 94.7000 0.0962 0.0962 0 2.0900 -0.5 1.0 0.0 0.009248027777777777 0.009248027777777777 0 3213 1
24.0420 0.2250 105.4000 0.0613 0.0613 0 1.1500 -0.5 1.0 0.0 0.0037617777777777784 0.0037617777777777784 0 3214 1
24.0990 -0.1770 81.2000 0.1067 0.1067 0 1.6800 -0.5 1.0 0.0 0.01137777777777778 0.01137777777777778 0 3238 1
24.0580 0.4420 95.0000 0.1220 0.1220 0 1.5200 -0.5 1.0 0.0 0.014884 0.014884 0 3248 1
24.2620 0.4660 97.4000 0.0528 0.0528 0 1.9500 -0.5 1.0 0.0 0.0027913611111111108 0.0027913611111111108 0 3273 1
24.2970 -0.1530 101.2000 0.0353 0.0353 0 1.0100 -0.5 1.0 0.0 0.0012484444444444446 0.0012484444444444446 0 3280 1
24.3750 -0.1800 57.7000 0.0640 0.0640 0 1.8800 0.5 1.0 0.0 0.004096 0.004096 0 3307 1
24.3960 -0.2070 57.2000 0.0630 0.0630 0 1.9000 -0.5 1.0 0.0 0.003969 0.003969 0 3322 1
24.4630 0.4930 102.5000 0.1290 0.1290 0 2.3700 -0.5 1.0 0.0 0.016641 0.016641 0 3329 1
24.4770 -0.0390 109.4000 0.0638 0.0638 0 2.2500 -0.5 1.0 0.0 0.004074694444444445 0.004074694444444445 0 3337 1
24.5330 -0.2480 98.4000 0.0835 0.0835 0 2.4400 -0.5 1.0 0.0 0.006972249999999998 0.006972249999999998 0 3343 1
24.5720 0.3450 110.1000 0.1138 0.1138 0 1.5700 -0.5 1.0 0.0 0.012958027777777777 0.012958027777777777 0 3350 1
24.5370 -0.1430 44.5000 0.1130 0.1130 0 1.9900 -0.5 1.0 0.0 0.012769 0.012769 0 3352 1
24.5350 -0.1330 95.0000 0.0652 0.0652 0 2.0300 0.5 1.0 0.0 0.004246694444444444 0.004246694444444444 0 3358 1
24.6250 0.1620 52.9000 0.1323 0.1323 0 2.2700 -0.5 1.0 0.0 0.01751211111111111 0.01751211111111111 0 3383 1
24.5970 -0.3330 43.5000 0.0760 0.0760 0 0.8900 -0.5 1.0 0.0 0.005776 0.005776 0 3384 1
24.7740 0.0610 108.2000 0.1225 0.1225 0 2.7100 -0.5 1.0 0.0 0.015006249999999999 0.015006249999999999 0 3413 1
24.9280 0.0870 43.9000 0.0395 0.0395 0 2.1000 0.5 1.0 0.0 0.00156025 0.00156025 0 3437 1
25.1590 0.0850 44.8000 0.0480 0.0480 0 1.9200 0.5 1.0 0.0 0.002304 0.002304 0 3459 1
25.2170 -0.2400 62.8000 0.0998 0.0998 0 1.3800 -0.5 1.0 0.0 0.009966694444444443 0.009966694444444443 0 3461 1
25.2030 0.1510 104.9000 0.0705 0.0705 0 1.9600 -0.5 1.0 0.0 0.004970250000000001 0.004970250000000001 0 3469 1
25.2290 0.2990 47.1000 0.0292 0.0292 0 1.4800 -0.5 1.0 0.0 0.0008506944444444445 0.0008506944444444445 0 3474 1
25.2670 -0.4380 58.9000 0.0653 0.0653 0 1.2000 -0.5 1.0 0.0 0.004268444444444444 0.004268444444444444 0 3481 1
25.3640 0.2330 41.0000 0.0578 0.0578 0 0.9100 -0.5 1.0 0.0 0.0033446944444444444 0.0033446944444444444 0 3493 1
25.4090 -0.1830 64.4000 0.0373 0.0373 0 1.7500 0.5 1.0 0.0 0.001393777777777778 0.001393777777777778 0 3502 1
25.4140 -0.3570 56.4000 0.0627 0.0627 0 1.8600 -0.5 1.0 0.0 0.00392711111111111 0.00392711111111111 0 3504 1
25.4150 -0.1460 95.3000 0.0860 0.0860 0 2.2500 -0.5 1.0 0.0 0.0073960000000000015 0.0073960000000000015 0 3507 1
25.4070 0.1000 95.3000 0.0330 0.0330 0 0.8100 -0.5 1.0 0.0 0.0010890000000000001 0.0010890000000000001 0 3511 1
25.6490 -0.1320 93.3000 0.0843 0.0843 0 2.0800 -0.5 1.0 0.0 0.007112111111111111 0.007112111111111111 0 3552 1
25.6900 0.0420 54.6000 0.0460 0.0460 0 1.7300 0.5 1.0 0.0 0.002116 0.002116 0 3568 1
25.6940 0.0010 98.6000 0.0598 0.0598 0 1.5600 0.5 1.0 0.0 0.003580027777777777 0.003580027777777777 0 3576 1
25.7130 0.2530 111.1000 0.1205 0.1205 0 3.1900 -0.5 1.0 0.0 0.014520250000000002 0.014520250000000002 0 3588 1
25.8310 -0.1770 93.7000 0.0612 0.0612 0 1.4000 -0.5 1.0 0.0 0.003741361111111111 0.003741361111111111 0 3590 1
25.7790 -0.0610 91.4000 0.0687 0.0687 0 1.1500 -0.5 1.0 0.0 0.004715111111111111 0.004715111111111111 0 3591 1
25.8510 -0.3960 105.0000 0.0700 0.0700 0 1.6400 -0.5 1.0 0.0 0.004900000000000001 0.004900000000000001 0 3596 1
25.9950 -0.0550 89.9000 0.0413 0.0413 0 1.2600 -0.5 1.0 0.0 0.0017084444444444445 0.0017084444444444445 0 3620 1
26.1290 -0.0110 28.5000 0.0597 0.0597 0 1.4500 0.5 1.0 0.0 0.003560111111111111 0.003560111111111111 0 3626 1
26.2810 0.3020 87.1000 0.0530 0.0530 0 1.6300 0.5 1.0 0.0 0.002809 0.002809 0 3657 1
26.3410 0.0650 55.0000 0.0863 0.0863 0 1.9300 -0.5 1.0 0.0 0.007453444444444444 0.007453444444444444 0 3663 1
26.5330 0.2900 100.2000 0.0692 0.0692 0 1.3100 -0.5 1.0 0.0 0.004784027777777778 0.004784027777777778 0 3679 1
26.5850 0.4750 86.8000 0.1030 0.1030 0 1.9500 0.5 1.0 0.0 0.010608999999999999 0.010608999999999999 0 3684 1
26.5390 -0.3140 107.6000 0.1358 0.1358 0 1.6300 0.5 1.0 0.0 0.018450694444444443 0.018450694444444443 0 3690 1
26.5850 0.0020 25.0000 0.0602 0.0602 0 1.5200 0.5 1.0 0.0 0.003620027777777778 0.003620027777777778 0 3699 1
26.7160 0.1750 31.2000 0.0198 0.0198 0 1.0100 0.5 1.0 0.0 0.00039336111111111104 0.00039336111111111104 0 3713 1
26.9650 0.1870 93.6000 0.1347 0.1347 0 1.6800 -0.5 1.0 0.0 0.01813511111111111 0.01813511111111111 0 3722 1
26.9350 0.1030 91.4000 0.0703 0.0703 0 1.2100 0.5 1.0 0.0 0.004946777777777777 0.004946777777777777 0 3725 1
26.8020 -0.0870 79.7000 0.1713 0.1713 0 1.9100 -0.5 1.0 0.0 0.029355111111111103 0.029355111111111103 0 3729 1
27.0270 -0.1520 103.0000 0.0860 0.0860 0 1.4200 -0.5 1.0 0.0 0.0073960000000000015 0.0073960000000000015 0 3743 1
27.1250 -0.1100 47.6000 0.0802 0.0802 0 1.4400 -0.5 1.0 0.0 0.006426694444444444 0.006426694444444444 0 3764 1
27.2030 -0.0910 26.5000 0.0488 0.0488 0 1.9000 0.5 1.0 0.0 0.0023846944444444445 0.0023846944444444445 0 3766 1
27.2480 0.1460 34.0000 0.0922 0.0922 0 3.1500 0.5 1.0 0.0 0.008494694444444445 0.008494694444444445 0 3779 1
27.3410 -0.1400 92.2000 0.1108 0.1108 0 1.4600 -0.5 1.0 0.0 0.012284027777777779 0.012284027777777779 0 3782 1
27.5290 0.2350 36.3000 0.0592 0.0592 0 1.9000 0.5 1.0 0.0 0.0035006944444444443 0.0035006944444444443 0 3795 1
27.5740 0.0830 84.2000 0.0735 0.0735 0 2.1000 -0.5 1.0 0.0 0.005402249999999999 0.005402249999999999 0 3807 1
27.5840 0.0500 87.4000 0.0583 0.0583 0 2.2200 0.5 1.0 0.0 0.003402777777777778 0.003402777777777778 0 3810 1
27.8380 -0.2490 104.2000 0.0700 0.0700 0 1.6500 0.5 1.0 0.0 0.004900000000000001 0.004900000000000001 0 3833 1
27.6290 0.1000 98.4000 0.1930 0.1930 0 2.8600 -0.5 1.0 0.0 0.037249000000000004 0.037249000000000004 0 3834 1
27.8980 -0.0130 97.7000 0.0387 0.0387 0 1.5800 -0.5 1.0 0.0 0.0014951111111111107 0.0014951111111111107 0 3852 1
27.9060 0.2070 40.6000 0.0847 0.0847 0 4.5400 -0.5 1.0 0.0 0.007168444444444444 0.007168444444444444 0 3858 1
27.9500 -0.5550 54.8000 0.0310 0.0310 0 0.7000 -0.5 1.0 0.0 0.0009609999999999999 0.0009609999999999999 0 3861 1
28.0850 -0.4010 46.2000 0.2042 0.2042 0 1.3600 -0.5 1.0 0.0 0.04168402777777778 0.04168402777777778 0 3863 1
28.1830 -0.0440 97.4000 0.0943 0.0943 0 1.5000 -0.5 1.0 0.0 0.008898777777777778 0.008898777777777778 0 3897 1
28.2130 0.2180 88.6000 0.0653 0.0653 0 1.6400 -0.5 1.0 0.0 0.004268444444444444 0.004268444444444444 0 3901 1
28.2330 0.0410 107.5000 0.0655 0.0655 0 1.6800 -0.5 1.0 0.0 0.004290250000000001 0.004290250000000001 0 3922 1
28.2740 -0.1600 79.3000 0.0755 0.0755 0 2.5300 -0.5 1.0 0.0 0.00570025 0.00570025 0 3923 1
28.2940 -0.0160 45.7000 0.1377 0.1377 0 2.8600 -0.5 1.0 0.0 0.01895211111111111 0.01895211111111111 0 3926 1
28.3050 -0.4160 83.5000 0.0678 0.0678 0 2.4800 -0.5 1.0 0.0 0.0046013611111111125 0.0046013611111111125 0 3929 1
28.3580 -0.0060 99.5000 0.1048 0.1048 0 1.5000 -0.5 1.0 0.0 0.010990027777777777 0.010990027777777777 0 3932 1
28.3070 -0.0340 33.8000 0.0677 0.0677 0 1.8300 0.5 1.0 0.0 0.004578777777777776 0.004578777777777776 0 3935 1
28.3440 0.0780 79.1000 0.1052 0.1052 0 2.1900 -0.5 1.0 0.0 0.011060027777777776 0.011060027777777776 0 3955 1
28.5790 -0.2860 88.2000 0.1053 0.1053 0 1.8500 -0.5 1.0 0.0 0.011095111111111111 0.011095111111111111 0 3998 1
28.5920 -0.0160 44.3000 0.0388 0.0388 0 2.1200 0.5 1.0 0.0 0.0015080277777777776 0.0015080277777777776 0 4003 1
28.6340 0.0290 103.4000 0.0507 0.0507 0 3.1800 -0.5 1.0 0.0 0.002567111111111111 0.002567111111111111 0 4014 1
28.7710 -0.2630 87.7000 0.1028 0.1028 0 1.4500 -0.5 1.0 0.0 0.010574694444444444 0.010574694444444444 0 4022 1
28.7050 -0.1980 102.2000 0.0552 0.0552 0 0.7000 -0.5 1.0 0.0 0.0030433611111111113 0.0030433611111111113 0 4024 1
28.7240 -0.2440 99.7000 0.0263 0.0263 0 0.8900 0.5 1.0 0.0 0.0006934444444444444 0.0006934444444444444 0 4026 1
28.7990 -0.0220 100.4000 0.0347 0.0347 0 1.5700 -0.5 1.0 0.0 0.0012017777777777777 0.0012017777777777777 0 4044 1
28.8040 0.1790 105.6000 0.0358 0.0358 0 1.7900 -0.5 1.0 0.0 0.0012840277777777774 0.0012840277777777774 0 4048 1
28.8350 0.4520 84.8000 0.0920 0.0920 0 2.1100 0.5 1.0 0.0 0.008464 0.008464 0 4049 1
28.9070 -0.2190 95.5000 0.0785 0.0785 0 1.4400 -0.5 1.0 0.0 0.00616225 0.00616225 0 4071 1
28.9490 0.0960 70.6000 0.0553 0.0553 0 1.3900 0.5 1.0 0.0 0.0030617777777777774 0.0030617777777777774 0 4088 1
29.1420 0.0690 95.7000 0.1977 0.1977 0 2.6300 -0.5 1.0 0.0 0.039072111111111106 0.039072111111111106 0 4106 1
29.2240 -0.0540 61.3000 0.0317 0.0317 0 0.9400 -0.5 1.0 0.0 0.0010027777777777776 0.0010027777777777776 0 4122 1
29.3130 -0.3380 93.3000 0.1615 0.1615 0 2.5100 -0.5 1.0 0.0 0.02608224999999999 0.02608224999999999 0 4135 1
29.4080 -0.1070 104.5000 0.0732 0.0732 0 1.8000 -0.5 1.0 0.0 0.00535336111111111 0.00535336111111111 0 4152 1
29.4510 -0.1810 85.6000 0.0378 0.0378 0 0.7800 -0.5 1.0 0.0 0.001431361111111111 0.001431361111111111 0 4154 1
29.4850 -0.1770 105.2000 0.0192 0.0192 0 0.9800 -0.5 1.0 0.0 0.00036736111111111106 0.00036736111111111106 0 4160 1
29.6600 -0.6020 74.9000 0.1788 0.1788 0 3.2600 -0.5 1.0 0.0 0.03198136111111111 0.03198136111111111 0 4184 1
29.6160 0.2540 77.2000 0.0255 0.0255 0 0.7300 -0.5 1.0 0.0 0.0006502499999999999 0.0006502499999999999 0 4193 1
29.7670 -0.2550 100.5000 0.0567 0.0567 0 1.5600 -0.5 1.0 0.0 0.0032111111111111108 0.0032111111111111108 0 4219 1
29.9380 -0.0310 99.6000 0.1288 0.1288 0 4.1100 -0.5 1.0 0.0 0.016598027777777778 0.016598027777777778 0 4252 1
29.9340 -0.7520 83.9000 0.1608 0.1608 0 1.3700 -0.5 1.0 0.0 0.02586736111111111 0.02586736111111111 0 4267 1
29.9900 -0.2790 104.7000 0.1493 0.1493 0 2.1400 -0.5 1.0 0.0 0.02230044444444445 0.02230044444444445 0 4281 1
30.1130 -0.0380 86.6000 0.0762 0.0762 0 1.9100 -0.5 1.0 0.0 0.005801361111111112 0.005801361111111112 0 4312 1
30.2660 0.0600 70.5000 0.0450 0.0450 0 1.4900 0.5 1.0 0.0 0.0020250000000000003 0.0020250000000000003 0 4328 1
30.3380 0.0840 43.6000 0.0718 0.0718 0 1.8900 0.5 1.0 0.0 0.005160027777777777 0.005160027777777777 0 4354 1
30.3630 0.3990 93.4000 0.0775 0.0775 0 1.5800 -0.5 1.0 0.0 0.00600625 0.00600625 0 4366 1
30.3490 0.0680 95.1000 0.1172 0.1172 0 2.3700 -0.5 1.0 0.0 0.013728027777777778 0.013728027777777778 0 4372 1
30.3980 -0.1040 87.5000 0.0425 0.0425 0 1.4100 -0.5 1.0 0.0 0.0018062499999999997 0.0018062499999999997 0 4384 1
30.3820 0.4830 16.5000 0.0968 0.0968 0 1.9600 0.5 1.0 0.0 0.009376694444444443 0.009376694444444443 0 4403 1
30.4320 -0.1110 103.8000 0.0325 0.0325 0 3.0700 -0.5 1.0 0.0 0.0010562500000000001 0.0010562500000000001 0 4406 1
30.5240 0.0440 47.8000 0.0290 0.0290 0 1.4100 -0.5 1.0 0.0 0.0008409999999999998 0.0008409999999999998 0 4449 1
30.5560 -0.0100 42.0000 0.0848 0.0848 0 3.1000 -0.5 1.0 0.0 0.007196694444444444 0.007196694444444444 0 4468 1
30.6040 0.1790 104.2000 0.0708 0.0708 0 2.2400 -0.5 1.0 0.0 0.0050173611111111105 0.0050173611111111105 0 4472 1
30.5890 0.1640 94.1000 0.1037 0.1037 0 1.6900 -0.5 1.0 0.0 0.010746777777777775 0.010746777777777775 0 4479 1
30.6380 -0.1970 90.8000 0.0288 0.0288 0 1.7600 0.5 1.0 0.0 0.0008313611111111111 0.0008313611111111111 0 4488 1
30.7070 -0.3750 53.2000 0.0488 0.0488 0 1.4900 0.5 1.0 0.0 0.0023846944444444445 0.0023846944444444445 0 4506 1
30.7090 -0.3000 100.9000 0.0352 0.0352 0 1.3400 0.5 1.0 0.0 0.0012366944444444443 0.0012366944444444443 0 4515 1
30.7590 0.2150 97.8000 0.0495 0.0495 0 1.5100 -0.5 1.0 0.0 0.00245025 0.00245025 0 4533 1
30.8390 0.3240 98.1000 0.0348 0.0348 0 1.7800 -0.5 1.0 0.0 0.0012133611111111106 0.0012133611111111106 0 4569 1
30.8870 0.1370 95.8000 0.0627 0.0627 0 2.6100 -0.5 1.0 0.0 0.00392711111111111 0.00392711111111111 0 4577 1
30.8180 -0.1980 51.7000 0.1310 0.1310 0 1.8500 -0.5 1.0 0.0 0.017161000000000003 0.017161000000000003 0 4578 1
30.9000 0.0950 39.9000 0.0792 0.0792 0 1.8500 -0.5 1.0 0.0 0.006267361111111111 0.006267361111111111 0 4582 1
30.8310 0.0850 74.7000 0.0987 0.0987 0 1.9000 -0.5 1.0 0.0 0.009735111111111111 0.009735111111111111 0 4586 1
30.8590 -0.0790 100.4000 0.0435 0.0435 0 1.9400 -0.5 1.0 0.0 0.0018922499999999998 0.0018922499999999998 0 4584 1
30.9990 -0.1030 78.2000 0.0575 0.0575 0 2.0600 0.5 1.0 0.0 0.00330625 0.00330625 0 4633 1
31.0440 0.2850 97.5000 0.0808 0.0808 0 1.7400 -0.5 1.0 0.0 0.006534027777777777 0.006534027777777777 0 4654 1
31.0360 0.7630 50.3000 0.0770 0.0770 0 1.2300 -0.5 1.0 0.0 0.005929 0.005929 0 4655 1
31.0140 0.3630 79.6000 0.2160 0.2160 0 2.4100 -0.5 1.0 0.0 0.046655999999999996 0.046655999999999996 0 4662 1
31.0660 0.0200 38.8000 0.0627 0.0627 0 2.6000 0.5 1.0 0.0 0.00392711111111111 0.00392711111111111 0 4668 1
31.0810 0.4580 29.9000 0.0337 0.0337 0 3.4900 0.5 1.0 0.0 0.0011334444444444443 0.0011334444444444443 0 4673 1
31.1460 0.0360 39.4000 0.0663 0.0663 0 2.3800 0.5 1.0 0.0 0.004400111111111111 0.004400111111111111 0 4683 1
31.1320 -0.1500 41.2000 0.0695 0.0695 0 1.2500 -0.5 1.0 0.0 0.004830249999999999 0.004830249999999999 0 4694 1
31.3020 0.1070 34.2000 0.0275 0.0275 0 1.2000 0.5 1.0 0.0 0.0007562499999999999 0.0007562499999999999 0 4741 1
31.3190 -0.1380 42.0000 0.0378 0.0378 0 1.2400 0.5 1.0 0.0 0.001431361111111111 0.001431361111111111 0 4743 1
31.3730 -0.0510 97.0000 0.0633 0.0633 0 2.0800 0.5 1.0 0.0 0.00401111111111111 0.00401111111111111 0 4751 1
31.3990 0.2110 18.4000 0.0295 0.0295 0 1.1100 0.5 1.0 0.0 0.0008702499999999999 0.0008702499999999999 0 4759 1
31.4010 -0.2790 87.7000 0.0525 0.0525 0 1.7200 0.5 1.0 0.0 0.0027562499999999996 0.0027562499999999996 0 4760 1
31.3870 0.3080 97.5000 0.0998 0.0998 0 3.1200 -0.5 1.0 0.0 0.009966694444444443 0.009966694444444443 0 4764 1
31.5350 -0.3510 89.6000 0.0697 0.0697 0 1.4000 0.5 1.0 0.0 0.004853444444444442 0.004853444444444442 0 4786 1
31.4530 0.3830 96.3000 0.0658 0.0658 0 1.8600 0.5 1.0 0.0 0.004334027777777779 0.004334027777777779 0 4788 1
31.5200 -0.1560 47.5000 0.0340 0.0340 0 1.1200 -0.5 1.0 0.0 0.0011560000000000001 0.0011560000000000001 0 4793 1
31.5190 0.4530 83.5000 0.0248 0.0248 0 0.8000 0.5 1.0 0.0 0.0006166944444444443 0.0006166944444444443 0 4794 1
31.5380 -0.0820 43.0000 0.0790 0.0790 0 3.7800 -0.5 1.0 0.0 0.006241 0.006241 0 4802 1
31.5710 -0.0900 85.4000 0.0340 0.0340 0 1.2000 -0.5 1.0 0.0 0.0011560000000000001 0.0011560000000000001 0 4803 1
31.5670 0.3830 24.3000 0.0697 0.0697 0 1.3000 0.5 1.0 0.0 0.004853444444444442 0.004853444444444442 0 4807 1
31.6340 -0.2420 44.4000 0.0650 0.0650 0 1.6600 -0.5 1.0 0.0 0.0042250000000000005 0.0042250000000000005 0 4819 1
31.6660 0.2630 92.6000 0.0385 0.0385 0 1.0200 0.5 1.0 0.0 0.00148225 0.00148225 0 4842 1
31.6640 -0.0390 39.5000 0.0397 0.0397 0 1.3400 -0.5 1.0 0.0 0.0015734444444444442 0.0015734444444444442 0 4844 1
31.6660 -0.4310 80.4000 0.0880 0.0880 0 1.0500 -0.5 1.0 0.0 0.007744000000000002 0.007744000000000002 0 4851 1
31.7380 -0.2000 99.5000 0.0307 0.0307 0 0.7700 0.5 1.0 0.0 0.0009404444444444446 0.0009404444444444446 0 4856 1
31.7680 -0.1460 37.8000 0.0757 0.0757 0 2.2700 0.5 1.0 0.0 0.005725444444444444 0.005725444444444444 0 4877 1
31.9800 -0.4270 71.0000 0.1595 0.1595 0 1.0800 -0.5 1.0 0.0 0.02544025 0.02544025 0 4884 1
31.9000 -0.2380 44.4000 0.0490 0.0490 0 1.1300 0.5 1.0 0.0 0.0024010000000000004 0.0024010000000000004 0 4894 1
31.9160 0.4540 27.7000 0.0238 0.0238 0 1.3300 0.5 1.0 0.0 0.0005680277777777776 0.0005680277777777776 0 4897 1
32.0280 -0.2580 97.7000 0.1235 0.1235 0 2.6300 0.5 1.0 0.0 0.01525225 0.01525225 0 4909 1
31.9640 0.1000 96.4000 0.2300 0.2300 0 1.7200 -0.5 1.0 0.0 0.0529 0.0529 0 4911 1
32.0900 -0.0540 71.7000 0.0612 0.0612 0 2.3200 -0.5 1.0 0.0 0.003741361111111111 0.003741361111111111 0 4918 1
32.0910 -0.0870 45.9000 0.0725 0.0725 0 3.1100 0.5 1.0 0.0 0.00525625 0.00525625 0 4922 1
32.0910 -0.1080 42.3000 0.0937 0.0937 0 3.2600 0.5 1.0 0.0 0.008773444444444443 0.008773444444444443 0 4927 1
32.1320 -0.2630 91.9000 0.0250 0.0250 0 0.8800 0.5 1.0 0.0 0.0006250000000000001 0.0006250000000000001 0 4929 1
32.2370 0.0850 82.8000 0.0922 0.0922 0 1.1700 0.5 1.0 0.0 0.008494694444444445 0.008494694444444445 0 4943 1
32.2680 -0.2230 22.6000 0.0240 0.0240 0 1.3100 0.5 1.0 0.0 0.000576 0.000576 0 4949 1
32.4210 0.1420 43.8000 0.0872 0.0872 0 2.3300 0.5 1.0 0.0 0.007598027777777778 0.007598027777777778 0 4954 1
32.4390 -0.0970 79.7000 0.0858 0.0858 0 1.7100 -0.5 1.0 0.0 0.007367361111111113 0.007367361111111113 0 4961 1
32.4250 0.3980 50.4000 0.0697 0.0697 0 2.0000 0.5 1.0 0.0 0.004853444444444442 0.004853444444444442 0 4970 1
32.4830 0.2180 48.6000 0.0932 0.0932 0 3.0100 0.5 1.0 0.0 0.008680027777777776 0.008680027777777776 0 4975 1
32.5750 -0.0150 75.0000 0.0702 0.0702 0 2.3100 0.5 1.0 0.0 0.004923361111111111 0.004923361111111111 0 5006 1
32.7390 -0.2660 90.2000 0.1185 0.1185 0 1.0700 -0.5 1.0 0.0 0.014042250000000003 0.014042250000000003 0 5008 1
32.6780 -0.3570 45.3000 0.0498 0.0498 0 1.8500 0.5 1.0 0.0 0.002483361111111111 0.002483361111111111 0 5023 1
32.7230 0.1000 93.9000 0.0988 0.0988 0 2.8500 -0.5 1.0 0.0 0.009768027777777777 0.009768027777777777 0 5039 1
32.8250 -0.0810 37.6000 0.1183 0.1183 0 2.4300 -0.5 1.0 0.0 0.014002777777777777 0.014002777777777777 0 5041 1
32.7670 0.1950 17.0000 0.0548 0.0548 0 2.6100 0.5 1.0 0.0 0.003006694444444444 0.003006694444444444 0 5053 1
32.8140 0.0450 88.4000 0.0750 0.0750 0 2.4700 0.5 1.0 0.0 0.005625 0.005625 0 5054 1
32.8580 -0.1920 81.5000 0.1540 0.1540 0 2.3000 -0.5 1.0 0.0 0.023716 0.023716 0 5060 1
32.8680 -0.4620 48.5000 0.0853 0.0853 0 1.7200 0.5 1.0 0.0 0.007281777777777778 0.007281777777777778 0 5076 1
32.9730 0.1450 75.7000 0.0425 0.0425 0 1.4300 -0.5 1.0 0.0 0.0018062499999999997 0.0018062499999999997 0 5092 1
32.9600 -0.0900 89.1000 0.0842 0.0842 0 1.5300 0.5 1.0 0.0 0.007084027777777778 0.007084027777777778 0 5097 1
33.0550 0.0650 83.3000 0.0613 0.0613 0 1.2900 -0.5 1.0 0.0 0.0037617777777777784 0.0037617777777777784 0 5100 1
32.9960 -0.3840 49.4000 0.0740 0.0740 0 1.7700 0.5 1.0 0.0 0.005476000000000002 0.005476000000000002 0 5108 1
33.1440 -0.0930 76.2000 0.1095 0.1095 0 1.4400 -0.5 1.0 0.0 0.01199025 0.01199025 0 5120 1
33.3620 0.1670 84.3000 0.0572 0.0572 0 1.8400 0.5 1.0 0.0 0.003268027777777778 0.003268027777777778 0 5165 1
33.4270 0.0020 73.4000 0.0898 0.0898 0 2.1500 0.5 1.0 0.0 0.008070027777777775 0.008070027777777775 0 5171 1
33.6440 0.1970 93.2000 0.0740 0.0740 0 1.4800 0.5 1.0 0.0 0.005476000000000002 0.005476000000000002 0 5218 1
33.6070 -0.2240 60.8000 0.0660 0.0660 0 0.9800 0.5 1.0 0.0 0.0043560000000000005 0.0043560000000000005 0 5226 1
33.8080 -0.1810 48.6000 0.0460 0.0460 0 1.9100 0.5 1.0 0.0 0.002116 0.002116 0 5263 1
33.9920 -0.0140 60.5000 0.0555 0.0555 0 1.9300 0.5 1.0 0.0 0.00308025 0.00308025 0 5286 1
34.0450 0.1220 35.1000 0.0692 0.0692 0 1.5100 -0.5 1.0 0.0 0.004784027777777778 0.004784027777777778 0 5299 1
34.1160 0.4670 35.0000 0.0375 0.0375 0 1.4800 0.5 1.0 0.0 0.00140625 0.00140625 0 5310 1
34.2060 -0.6160 58.4000 0.0865 0.0865 0 1.7400 -0.5 1.0 0.0 0.007482250000000001 0.007482250000000001 0 5321 1
34.2640 0.1780 57.4000 0.2343 0.2343 0 2.2900 -0.5 1.0 0.0 0.05491211111111111 0.05491211111111111 0 5332 1
34.4170 0.0550 90.5000 0.0948 0.0948 0 2.1700 0.5 1.0 0.0 0.008993361111111112 0.008993361111111112 0 5384 1
34.6710 -0.0710 78.3000 0.2042 0.2042 0 2.5700 -0.5 1.0 0.0 0.04168402777777778 0.04168402777777778 0 5441 1
34.7650 -0.0700 51.5000 0.0440 0.0440 0 2.3500 0.5 1.0 0.0 0.0019360000000000004 0.0019360000000000004 0 5445 1
34.8220 0.3460 58.2000 0.1123 0.1123 0 1.3100 -0.5 1.0 0.0 0.012618777777777779 0.012618777777777779 0 5467 1
34.9900 0.3490 52.0000 0.1765 0.1765 0 1.7400 -0.5 1.0 0.0 0.031152249999999996 0.031152249999999996 0 5530 1
35.0500 -0.4940 49.7000 0.0977 0.0977 0 2.3200 -0.5 1.0 0.0 0.009538777777777778 0.009538777777777778 0 5538 1
35.2280 -0.3610 52.4000 0.0173 0.0173 0 1.7300 0.5 1.0 0.0 0.00030044444444444443 0.00030044444444444443 0 5572 1
35.4230 0.2510 49.9000 0.1158 0.1158 0 2.4100 -0.5 1.0 0.0 0.01341736111111111 0.01341736111111111 0 5621 1
35.4560 -0.2940 55.3000 0.0278 0.0278 0 1.5000 0.5 1.0 0.0 0.0007746944444444444 0.0007746944444444444 0 5623 1
35.4540 0.1420 77.1000 0.0753 0.0753 0 2.7700 -0.5 1.0 0.0 0.005675111111111109 0.005675111111111109 0 5627 1
35.4290 -0.2900 44.9000 0.2987 0.2987 0 1.7300 -0.5 1.0 0.0 0.0892017777777778 0.0892017777777778 0 5631 1
35.5810 0.0670 49.7000 0.0485 0.0485 0 2.9600 -0.5 1.0 0.0 0.00235225 0.00235225 0 5653 1
35.5800 -0.0060 54.0000 0.0498 0.0498 0 2.1700 0.5 1.0 0.0 0.002483361111111111 0.002483361111111111 0 5657 1
35.5950 0.2270 49.6000 0.0277 0.0277 0 0.9600 -0.5 1.0 0.0 0.0007654444444444444 0.0007654444444444444 0 5665 1
35.5770 -0.2090 48.5000 0.0772 0.0772 0 1.2500 -0.5 1.0 0.0 0.005954694444444444 0.005954694444444444 0 5667 1
35.7550 -0.1780 28.3000 0.1413 0.1413 0 0.7000 -0.5 1.0 0.0 0.019975111111111114 0.019975111111111114 0 5685 1
35.7380 0.1520 83.3000 0.0720 0.0720 0 1.0500 -0.5 1.0 0.0 0.005184000000000001 0.005184000000000001 0 5695 1
35.7900 -0.1620 61.2000 0.0545 0.0545 0 1.4100 -0.5 1.0 0.0 0.00297025 0.00297025 0 5700 1
35.7260 0.2130 29.1000 0.1260 0.1260 0 0.6500 -0.5 1.0 0.0 0.015876 0.015876 0 5701 1
36.3700 -0.0700 30.2000 0.1262 0.1262 0 1.1200 -0.5 1.0 0.0 0.01591802777777778 0.01591802777777778 0 5754 1
36.4460 0.0180 59.3000 0.0487 0.0487 0 0.9600 0.5 1.0 0.0 0.0023684444444444443 0.0023684444444444443 0 5756 1
36.6870 0.0760 61.0000 0.0602 0.0602 0 1.5300 0.5 1.0 0.0 0.003620027777777778 0.003620027777777778 0 5782 1
36.8130 -0.0320 59.8000 0.0535 0.0535 0 1.3300 0.5 1.0 0.0 0.0028622499999999998 0.0028622499999999998 0 5798 1
36.8790 -0.5030 59.3000 0.0710 0.0710 0 1.8100 0.5 1.0 0.0 0.0050409999999999995 0.0050409999999999995 0 5802 1
36.8990 -0.4070 80.0000 0.0995 0.0995 0 1.8000 -0.5 1.0 0.0 0.009900249999999998 0.009900249999999998 0 5804 1
36.9280 -0.0840 80.0000 0.1707 0.1707 0 1.5700 -0.5 1.0 0.0 0.02912711111111111 0.02912711111111111 0 5813 1
37.2930 -0.0920 46.1000 0.0615 0.0615 0 1.2400 0.5 1.0 0.0 0.00378225 0.00378225 0 5825 1
37.2850 -0.2500 38.6000 0.0713 0.0713 0 2.2400 0.5 1.0 0.0 0.005088444444444444 0.005088444444444444 0 5839 1
37.4340 -0.0600 56.9000 0.0580 0.0580 0 1.5500 0.5 1.0 0.0 0.0033639999999999994 0.0033639999999999994 0 5847 1
37.5610 -0.1050 51.8000 0.0282 0.0282 0 1.5200 0.5 1.0 0.0 0.0007933611111111111 0.0007933611111111111 0 5849 1
37.7400 -0.0980 46.3000 0.0488 0.0488 0 1.4500 0.5 1.0 0.0 0.0023846944444444445 0.0023846944444444445 0 5864 1
37.7500 -0.2050 61.5000 0.0438 0.0438 0 2.9700 -0.5 1.0 0.0 0.0019213611111111107 0.0019213611111111107 0 5869 1
37.8210 0.4390 17.4000 0.0572 0.0572 0 1.4500 0.5 1.0 0.0 0.003268027777777778 0.003268027777777778 0 5874 1
37.8410 -0.3990 63.4000 0.0977 0.0977 0 3.2400 0.5 1.0 0.0 0.009538777777777778 0.009538777777777778 0 5879 1
38.1230 -0.2470 82.7000 0.0428 0.0428 0 1.5200 -0.5 1.0 0.0 0.001834694444444444 0.001834694444444444 0 5894 1
38.1430 -0.0540 82.8000 0.0602 0.0602 0 1.8200 0.5 1.0 0.0 0.003620027777777778 0.003620027777777778 0 5899 1
38.2500 -0.1970 64.8000 0.1233 0.1233 0 2.8100 0.5 1.0 0.0 0.015211111111111113 0.015211111111111113 0 5906 1
38.3850 -0.1210 81.4000 0.0778 0.0778 0 1.4800 0.5 1.0 0.0 0.0060580277777777785 0.0060580277777777785 0 5910 1
38.5430 0.1750 29.9000 0.0470 0.0470 0 1.1900 0.5 1.0 0.0 0.002209 0.002209 0 5919 1
38.5640 -0.0430 82.9000 0.0235 0.0235 0 1.0300 -0.5 1.0 0.0 0.00055225 0.00055225 0 5920 1
38.6030 -0.2570 65.9000 0.1440 0.1440 0 2.7700 0.5 1.0 0.0 0.020736000000000004 0.020736000000000004 0 5925 1
38.7090 -0.4680 50.3000 0.0742 0.0742 0 1.9200 0.5 1.0 0.0 0.005500694444444445 0.005500694444444445 0 5931 1
38.9180 -0.4690 41.3000 0.2092 0.2092 0 1.4300 -0.5 1.0 0.0 0.043750694444444446 0.043750694444444446 0 5958 1
39.1060 0.5340 22.3000 0.0927 0.0927 0 1.1800 0.5 1.0 0.0 0.00858711111111111 0.00858711111111111 0 5967 1
39.2400 -0.0710 22.2000 0.0533 0.0533 0 1.8500 0.5 1.0 0.0 0.002844444444444445 0.002844444444444445 0 5972 1
39.3790 -0.1590 65.1000 0.0683 0.0683 0 2.0600 -0.5 1.0 0.0 0.004669444444444444 0.004669444444444444 0 5980 1
39.4820 -0.2020 53.9000 0.1140 0.1140 0 2.1200 -0.5 1.0 0.0 0.012995999999999997 0.012995999999999997 0 5981 1
39.8830 -0.3140 59.1000 0.1055 0.1055 0 2.3100 0.5 1.0 0.0 0.01113025 0.01113025 0 6006 1
40.3480 -0.2960 72.1000 0.1407 0.1407 0 1.4200 -0.5 1.0 0.0 0.01978711111111111 0.01978711111111111 0 6024 1
40.6280 -0.1340 32.8000 0.0257 0.0257 0 1.8500 0.5 1.0 0.0 0.0006587777777777778 0.0006587777777777778 0 6029 1
40.7060 -0.1330 20.7000 0.0522 0.0522 0 2.0900 0.5 1.0 0.0 0.002721361111111111 0.002721361111111111 0 6030 1
40.8840 -0.2290 26.4000 0.0525 0.0525 0 1.5000 0.5 1.0 0.0 0.0027562499999999996 0.0027562499999999996 0 6036 1
41.0860 -0.1190 63.8000 0.0345 0.0345 0 1.5300 -0.5 1.0 0.0 0.0011902499999999997 0.0011902499999999997 0 6040 1
41.1930 -0.2300 59.2000 0.1277 0.1277 0 2.4400 -0.5 1.0 0.0 0.01629877777777778 0.01629877777777778 0 6042 1
41.3330 0.0710 59.6000 0.1117 0.1117 0 1.8100 0.5 1.0 0.0 0.012469444444444444 0.012469444444444444 0 6069 1
41.7470 0.1020 13.7000 0.0127 0.0127 0 1.2400 0.5 1.0 0.0 0.00016044444444444445 0.00016044444444444445 0 6082 1
42.0950 0.3660 20.3000 0.0183 0.0183 0 1.1900 0.5 1.0 0.0 0.00033611111111111114 0.00033611111111111114 0 6096 1
42.0930 -0.4460 56.2000 0.0455 0.0455 0 1.5200 -0.5 1.0 0.0 0.00207025 0.00207025 0 6097 1
42.4310 -0.2660 64.6000 0.0572 0.0572 0 1.3700 -0.5 1.0 0.0 0.003268027777777778 0.003268027777777778 0 6105 1
42.4270 -0.4680 59.5000 0.0495 0.0495 0 1.8400 -0.5 1.0 0.0 0.00245025 0.00245025 0 6106 1
42.7090 -0.1240 65.7000 0.0553 0.0553 0 1.6500 -0.5 1.0 0.0 0.0030617777777777774 0.0030617777777777774 0 6108 1
43.0380 -0.4690 57.2000 0.0413 0.0413 0 1.0700 0.5 1.0 0.0 0.0017084444444444445 0.0017084444444444445 0 6110 1
43.0760 0.0000 14.2000 0.0178 0.0178 0 1.6700 0.5 1.0 0.0 0.00031802777777777775 0.00031802777777777775 0 6112 1
43.1290 -0.5390 57.5000 0.1167 0.1167 0 1.6100 -0.5 1.0 0.0 0.013611111111111112 0.013611111111111112 0 6119 1
43.2330 -0.0450 7.5000 0.0252 0.0252 0 2.5700 0.5 1.0 0.0 0.0006333611111111111 0.0006333611111111111 0 6120 1
43.2170 -0.1920 60.9000 0.1322 0.1322 0 2.0800 -0.5 1.0 0.0 0.017468027777777773 0.017468027777777773 0 6122 1
43.4500 -0.0190 63.6000 0.0653 0.0653 0 1.6200 -0.5 1.0 0.0 0.004268444444444444 0.004268444444444444 0 6124 1
43.8140 -0.1210 44.3000 0.0363 0.0363 0 2.1000 0.5 1.0 0.0 0.0013201111111111113 0.0013201111111111113 0 6126 1
44.2550 0.0890 56.9000 0.1168 0.1168 0 1.8800 -0.5 1.0 0.0 0.013650027777777777 0.013650027777777777 0 6142 1
44.5000 -0.1660 60.4000 0.0932 0.0932 0 1.9900 0.5 1.0 0.0 0.008680027777777776 0.008680027777777776 0 6150 1
45.1330 0.1340 59.3000 0.0855 0.0855 0 2.7600 -0.5 1.0 0.0 0.007310249999999999 0.007310249999999999 0 6162 1
45.4800 0.0540 58.9000 0.1420 0.1420 0 2.2800 -0.5 1.0 0.0 0.020163999999999998 0.020163999999999998 0 6172 1
45.8040 -0.3620 60.2000 0.0353 0.0353 0 0.8900 0.5 1.0 0.0 0.0012484444444444446 0.0012484444444444446 0 6202 1
45.8160 -0.3140 59.8000 0.1238 0.1238 0 3.2700 0.5 1.0 0.0 0.015334694444444442 0.015334694444444442 0 6213 1
46.1860 -0.0960 15.7000 0.0267 0.0267 0 1.2400 0.5 1.0 0.0 0.0007111111111111113 0.0007111111111111113 0 6222 1
47.0890 0.2950 57.4000 0.1580 0.1580 0 1.9900 0.5 1.0 0.0 0.024964 0.024964 0 6237 1
48.6420 0.0540 17.2000 0.1230 0.1230 0 1.9100 -0.5 1.0 0.0 0.015129 0.015129 0 6254 1
49.2330 0.0210 52.5000 0.0570 0.0570 0 1.2800 -0.5 1.0 0.0 0.0032489999999999993 0.0032489999999999993 0 6314 1
49.2960 -0.0420 59.7000 0.0760 0.0760 0 1.6100 -0.5 1.0 0.0 0.005776 0.005776 0 6325 1
49.3800 -0.2530 50.5000 0.0832 0.0832 0 2.1700 -0.5 1.0 0.0 0.006916694444444444 0.006916694444444444 0 6334 1
49.5710 -0.2360 54.6000 0.0547 0.0547 0 2.7000 0.5 1.0 0.0 0.0029884444444444437 0.0029884444444444437 0 6371 1
49.7340 -0.0250 47.2000 0.0993 0.0993 0 2.1700 -0.5 1.0 0.0 0.00986711111111111 0.00986711111111111 0 6379 1
50.0580 0.2640 54.0000 0.0503 0.0503 0 1.1500 -0.5 1.0 0.0 0.0025334444444444445 0.0025334444444444445 0 6386 1
50.2960 -0.4210 14.9000 0.0345 0.0345 0 1.3400 0.5 1.0 0.0 0.0011902499999999997 0.0011902499999999997 0 6389 1
50.7770 0.1720 42.8000 0.0452 0.0452 0 1.3000 0.5 1.0 0.0 0.0020400277777777778 0.0020400277777777778 0 6397 1
51.4030 -0.0220 54.9000 0.0762 0.0762 0 1.6500 0.5 1.0 0.0 0.005801361111111112 0.005801361111111112 0 6402 1
52.9750 0.4200 45.0000 0.0927 0.0927 0 1.5500 -0.5 1.0 0.0 0.00858711111111111 0.00858711111111111 0 6407 1
53.0250 0.0750 4.9000 0.0717 0.0717 0 1.9800 0.5 1.0 0.0 0.0051361111111111095 0.0051361111111111095 0 6410 1
53.1840 0.1900 4.6000 0.0670 0.0670 0 2.5000 0.5 1.0 0.0 0.004488999999999999 0.004488999999999999 0 6417 1
53.4010 0.0400 23.2000 0.2890 0.2890 0 1.2000 -0.5 1.0 0.0 0.08352099999999998 0.08352099999999998 0 6428 1
53.6130 0.2550 38.0000 0.0483 0.0483 0 2.1500 0.5 1.0 0.0 0.002336111111111111 0.002336111111111111 0 6436 1
53.8080 -0.0910 45.4000 0.0277 0.0277 0 1.3300 0.5 1.0 0.0 0.0007654444444444444 0.0007654444444444444 0 6442 1
54.1100 -0.1020 39.5000 0.1297 0.1297 0 2.7000 0.5 1.0 0.0 0.016813444444444447 0.016813444444444447 0 6448 1
54.3900 -0.0410 37.7000 0.0228 0.0228 0 0.8400 0.5 1.0 0.0 0.0005213611111111111 0.0005213611111111111 0 6455 1
55.1470 -0.2930 39.1000 0.0792 0.0792 0 2.0000 0.5 1.0 0.0 0.006267361111111111 0.006267361111111111 0 6457 1
56.9500 -0.2340 31.8000 0.1137 0.1137 0 1.3600 0.5 1.0 0.0 0.012920111111111111 0.012920111111111111 0 6470 0
58.4960 0.4390 38.2000 0.0815 0.0815 0 3.2700 0.5 1.0 0.0 0.006642249999999998 0.006642249999999998 0 6474 0
59.4350 -0.2320 27.1000 0.1275 0.1275 0 1.4700 -0.5 1.0 0.0 0.01625625 0.01625625 0 6479 0
59.7890 0.0140 21.9000 0.1738 0.1738 0 1.2300 -0.5 1.0 0.0 0.03021802777777778 0.03021802777777778 0 6486 0
60.5740 -0.1810 5.1000 0.0137 0.0137 0 0.7100 0.5 1.0 0.0 0.00018677777777777773 0.00018677777777777773 0 6494 0
60.9010 -0.1350 22.8000 0.0550 0.0550 0 1.0900 0.5 1.0 0.0 0.0030249999999999995 0.0030249999999999995 0 6495 0
61.4910 0.1020 22.2000 0.0773 0.0773 0 1.2900 0.5 1.0 0.0 0.005980444444444443 0.005980444444444443 0 6497 0
64.1880 -0.4490 21.7000 0.0908 0.0908 0 1.0200 -0.5 1.0 0.0 0.008250694444444444 0.008250694444444444 0 6504 0
