GLON GLAT VLSR a b pa d_VLSR p_far cos_pa sin_pa aa bb f_avg cloud_id
54.4100 -0.0200 36.0000 0.0708 0.0314 136 11.0677 0.5 -0.7159364830218312 0.6981654189934727 0.005014606859567901 0.0009891025 0 574
54.7200 -0.1400 32.0000 0.0126 0.0090 123 6.7819 0.5 -0.5498977722248398 0.8352319678401673 0.00015834027777777773 8.025173611111111e-05 0 935
54.1300 -0.0800 39.0000 0.0705 0.0411 -166 5.0158 0.5 -0.9719199457341046 -0.23531174871692073 0.004966725625 0.001689666697530864 0 1220
53.2400 -0.0600 23.0000 0.0330 0.0264 117 3.2497 0.5 -0.44978670516793035 0.8931360029996425 0.001086251736111111 0.000698427438271605 0 1720
53.2800 0.0300 23.0000 0.0965 0.0270 -169 3.8619 -0.5 -0.9807852804032304 -0.19509032201612816 0.00932082975308642 0.000731251736111111 0 1809
53.5900 0.0500 23.0000 0.1138 0.0565 -171 2.6609 0.5 -0.9873585390151004 -0.15850273005209267 0.012956762993827158 0.0031866025 0 1821
53.6400 0.3000 36.0000 0.1277 0.0925 178 15.7773 0.5 -0.9996245977511435 0.027398240287735284 0.016311546944444446 0.008556763896604938 0 1872
54.1100 0.1400 32.0000 0.0813 0.0283 169 4.3329 -0.5 -0.9802366619777096 0.19782842696335967 0.006601562500000001 0.00080089 0 2388
53.1900 0.1800 5.0000 0.0675 0.0464 63 6.7819 0.5 0.4511890844418451 0.8924283781237179 0.004561501512345679 0.002151929012345679 0 3011
53.1200 0.0600 22.0000 0.0604 0.0419 165 4.7567 0.5 -0.964557418457798 0.26387304996537325 0.0036505092669753083 0.0017563084027777778 0 3059
53.0000 0.0500 4.0000 0.1546 0.0537 150 5.3690 0.5 -0.869236182971993 0.4943970653354244 0.02389085444444445 0.0028792167361111104 0 3405
50.9900 0.2300 44.0000 0.0951 0.0319 -172 6.0519 -0.5 -0.9894500687002753 -0.14487429568084345 0.00904295336419753 0.0010184963040123455 0 5423
50.7600 0.1100 44.0000 0.1442 0.0945 119 5.0864 -0.5 -0.4805296499516406 0.8769784806466768 0.02079684456790123 0.008923426304012346 0 5428
50.2900 -0.4200 15.0000 0.0506 0.0359 142 5.1571 -0.5 -0.7931407941357944 0.6090383244736257 0.0025569877777777772 0.0012878129706790124 0 6377
50.3400 -0.4300 40.0000 0.1142 0.0498 162 7.9122 -0.5 -0.9502442534023859 0.31150579268408807 0.013044812415123458 0.0024764446373456792 0 7119
49.7300 -0.0300 47.0000 0.1002 0.0527 97 6.6641 0.5 -0.1289686738838215 0.9916486682069656 0.010036143711419752 0.0027752409336419754 0 7632
48.6300 0.3500 37.0000 0.0515 0.0200 179 5.5809 -0.5 -0.9999049456400823 0.013787664214945183 0.002653108402777778 0.00040133444444444445 0 8801
48.6500 0.2500 9.0000 0.1044 0.0756 63 8.7364 0.5 0.4563215909004759 0.8898149277675997 0.010899940007716052 0.005709901304012344 0 9444
48.6100 0.0300 17.0000 0.0630 0.0446 167 5.6045 0.5 -0.9751493543055632 0.2215484976194677 0.0039630522299382714 0.0019849500077160492 0 9446
48.5900 -0.3200 34.0000 0.1135 0.0497 156 5.9577 -0.5 -0.9162928415178389 0.40050896192615293 0.012886033611111111 0.002469813896604938 0 9450
47.5800 -0.0700 18.0000 0.0234 0.0168 133 2.9671 0.5 -0.6808487114452564 0.732424079426212 0.0005476900077160495 0.00028140062500000006 0 9556
47.6500 0.0500 16.0000 0.0302 0.0081 52 2.8729 0.5 0.6141474695899893 0.7891912858085884 0.0009147264197530863 6.570003086419752e-05 0 9562
46.0800 0.2500 16.0000 0.0324 0.0145 129 7.2293 -0.5 -0.6341908887621898 0.773176510643607 0.0010495800077160494 0.00020896308641975305 0 10394
46.3800 -0.2100 54.0000 0.1469 0.0395 -178 7.4648 -0.5 -0.9991518213376785 -0.04117812426033505 0.02157797780864198 0.0015598111419753086 0 10924
45.9700 0.0800 59.0000 0.0299 0.0276 140 6.7348 -0.5 -0.7649214009184317 0.6441236297613866 0.0008958381558641975 0.00076176 0 11041
46.2100 -0.1000 17.0000 0.0695 0.0256 168 5.0864 0.5 -0.9793288555667261 0.20227454771761683 0.0048263896604938275 0.0006569253780864197 0 11203
45.9200 0.1700 50.0000 0.0485 0.0236 98 3.4851 -0.5 -0.14521967007724038 0.9893994377513348 0.0023568327854938276 0.0005574845679012345 0 11211
45.5400 -0.2800 50.0000 0.0644 0.0150 -164 4.3329 -0.5 -0.9613097890912268 -0.27546957980397974 0.004140922500000001 0.00022650249999999996 0 11516
45.1300 0.1300 59.0000 0.0663 0.0301 -167 7.7945 0.5 -0.9730582856206199 -0.23055926089632592 0.004389430563271604 0.0009076829938271605 0 11627
45.6000 -0.0500 7.0000 0.0805 0.0416 147 5.5809 0.5 -0.8362861558477596 0.5482932295199138 0.006480250000000001 0.001728711604938272 0 12071
45.7500 -0.2700 53.0000 0.0933 0.0411 172 13.4225 0.5 -0.9893994377513349 0.14521967007724032 0.0087074818595679 0.001691037160493827 0 12231
44.1200 0.1100 58.0000 0.0539 0.0443 143 5.9577 -0.5 -0.7971626158746584 0.6037646593266881 0.0029010192901234564 0.0019664297530864196 0 13614
44.3900 -0.1400 62.0000 0.1810 0.0898 -145 8.9483 -0.5 -0.8205511091470278 -0.5715731600395372 0.032743907785493825 0.00806304225308642 0 14251
43.3300 -0.3500 61.0000 0.0966 0.0468 162 4.2151 -0.5 -0.9500265497824439 0.31216911235493106 0.009328340277777776 0.0021897200308641975 0 15615
43.1700 -0.0000 8.0000 0.0441 0.0335 -150 11.6564 0.5 -0.8673314314075731 -0.4977310399126123 0.001947996304012345 0.0011216917361111108 0 16191
42.5500 -0.1600 65.0000 0.0775 0.0259 -160 8.3125 -0.5 -0.9390942520947091 -0.34365969458561607 0.006005819452160496 0.0006705222530864198 0 16500
42.0600 -0.0600 59.0000 0.0948 0.0411 -166 10.1493 0.5 -0.9681476403781077 -0.25038000405444133 0.008985460069444444 0.0016917226003086417 0 16541
42.1700 -0.0800 40.0000 0.0134 0.0105 156 4.5213 0.5 -0.9116186201067178 0.41103709257769383 0.0001807530864197531 0.00011071716049382718 0 16778
42.1600 -0.2400 31.0000 0.0121 0.0095 150 5.3219 -0.5 -0.8684585138202121 0.49576184783945254 0.00014755500771604935 8.946006944444443e-05 0 16872
42.4100 -0.2600 63.0000 0.0754 0.0196 -162 8.2183 -0.5 -0.952608402964511 -0.3041993270890058 0.005681809382716049 0.0003825284027777778 0 16971
41.8500 -0.2500 51.0000 0.0013 0.0011 61 3.5322 -0.5 0.4780787935881923 0.8783169514026578 1.7629938271604937e-06 1.2656249999999998e-06 0 17070
41.8400 -0.2400 59.0000 0.0195 0.0153 154 15.9657 -0.5 -0.9018325264051139 0.43208574880198214 0.000378626736111111 0.00023468537808641975 0 17085
43.0800 -0.0000 12.0000 0.0127 0.0089 -160 5.7458 0.5 -0.93794947202085 -0.34677195379068465 0.0001602334027777778 7.851929012345679e-05 0 17300
42.3000 -0.2900 26.0000 0.0120 0.0048 -151 8.5715 -0.5 -0.8773137398869014 -0.4799172864209606 0.0001444002777777778 2.3361111111111104e-05 0 17393
41.6900 -0.1800 62.0000 0.0924 0.0412 107 10.3141 -0.5 -0.2853538323222242 0.958422240131676 0.008543407600308642 0.0016997296604938268 0 17862
41.5900 0.1400 17.0000 0.0318 0.0138 64 6.2167 0.5 0.4358595343332341 0.9000147033970147 0.0010117700694444445 0.00018936817901234567 0 17881
41.8100 0.0700 16.0000 0.1031 0.0387 179 4.4506 0.5 -0.9997465537824209 0.022512845226067824 0.010621592623456789 0.0015004863040123456 0 17887
41.7700 -0.0400 26.0000 0.0380 0.0159 132 5.9812 0.5 -0.6733996911727045 0.7392786050796454 0.0014446334027777782 0.00025272167438271603 0 17909
40.6100 -0.1100 65.0000 0.0325 0.0225 -169 5.6987 0.5 -0.9820246596323717 -0.18875266322339498 0.0010533630864197532 0.0005070002777777778 0 17974
41.5100 -0.1700 62.0000 0.0639 0.0362 50 5.0864 0.5 0.6389020933409153 0.7692880573131214 0.004081435192901235 0.0013100378086419754 0 18040
41.7000 0.0000 40.0000 0.0325 0.0185 -145 9.6548 0.5 -0.8176476192171912 -0.5757190033240688 0.001058417777777778 0.00034224999999999994 0 18077
41.0500 -0.1700 38.0000 0.1053 0.0841 178 4.2387 0.5 -0.9990933518997082 0.04257316278837966 0.011091600277777778 0.007078885192901234 0 18143
41.2500 0.1400 40.0000 0.0975 0.0698 151 7.6061 -0.5 -0.8745350785774193 0.4849622627974131 0.009506791674382715 0.004877082415123457 0 18295
40.8200 -0.2000 24.0000 0.0898 0.0528 -166 8.5009 -0.5 -0.9686699112643569 -0.2483517727158453 0.008067532600308644 0.002792828896604938 0 18347
40.6100 -0.1400 25.0000 0.0533 0.0208 171 17.8495 0.5 -0.9867143147198253 0.1624649535345562 0.00284089 0.0004325244521604939 0 18462
41.3000 0.0700 60.0000 0.0995 0.0561 -174 4.4506 -0.5 -0.9941132045189992 -0.10834637327094247 0.009900802785493826 0.003152510563271605 0 18631
41.1800 -0.2000 59.0000 0.1108 0.0639 175 8.3596 -0.5 -0.9959787627599906 0.08958964299001516 0.012284027777777779 0.004089602499999999 0 18865
40.4000 -0.0500 72.0000 0.0557 0.0318 141 10.1964 0.5 -0.7726227803553256 0.6348653709850666 0.003100633611111111 0.0010124770447530863 0 19241
40.3000 -0.2400 71.0000 0.0452 0.0307 -148 10.9499 0.5 -0.8443279255020151 -0.5358267949789967 0.00204329111882716 0.000941807901234568 0 19290
39.4100 -0.1800 65.0000 0.0671 0.0243 56 8.0770 -0.5 0.5609280079861779 0.8278645842507446 0.004504646944444445 0.00058995012345679 0 19544
39.4800 -0.2900 58.0000 0.0086 0.0033 -180 5.0864 -0.5 -0.9999691576447897 -0.007853900888710968 7.405558641975308e-05 1.1037160493827163e-05 0 20007
39.9200 -0.0800 69.0000 0.0366 0.0159 -154 14.6705 -0.5 -0.8970270747667146 -0.44197559563336875 0.0013381370447530863 0.0002524567901234568 0 20036
38.9500 0.0200 18.0000 0.0724 0.0174 -148 4.2151 0.5 -0.8466578661382482 -0.5321376304173837 0.005234924452160494 0.00030150463734567896 0 20135
39.3100 -0.2400 67.0000 0.0495 0.0344 -154 9.3015 -0.5 -0.9025101322420254 -0.4306686211003559 0.002452725625 0.001181258711419753 0 20160
39.4700 -0.2800 66.0000 0.0057 0.0044 80 11.8447 -0.5 0.17914564488358226 0.9838225642458326 3.233185956790123e-05 1.911632716049383e-05 0 20209
39.2200 -0.0700 21.0000 0.0980 0.0365 -163 7.0174 0.5 -0.9563047559630355 -0.2923717047227366 0.009611623734567901 0.0013348874151234568 0 20221
39.5800 -0.0100 23.0000 0.0253 0.0188 92 5.0629 0.5 -0.04082935197851006 0.9991661343425401 0.0006396684027777778 0.0003521877777777778 0 20241
39.5700 -0.2000 60.0000 0.0788 0.0334 164 15.4005 -0.5 -0.9620752960330693 0.2727840258572375 0.0062125048225308635 0.0011129637345679013 0 20288
39.8800 -0.2200 58.0000 0.0783 0.0487 164 5.9577 -0.5 -0.9617413095492113 0.2739592186924326 0.00612480151234568 0.002373313611111111 0 20469
38.8700 -0.1200 57.0000 0.0104 0.0068 134 4.1209 -0.5 -0.6957874493101814 0.7182477465209562 0.00010752537808641973 4.6618549382716043e-05 0 20538
38.8900 -0.1800 64.0000 0.0475 0.0271 176 7.6296 -0.5 -0.9980376722404478 0.06261633004950384 0.002259681859567901 0.0007326044444444444 0 20546
38.7800 0.1200 19.0000 0.0465 0.0172 -149 4.1916 0.5 -0.854821314638092 -0.5189224605279715 0.0021578605632716044 0.0002954579012345679 0 20561
38.6200 -0.2000 66.0000 0.0503 0.0271 58 5.4632 -0.5 0.5260655011766484 0.8504440536988672 0.0025306489197530866 0.0007348617361111111 0 20640
38.2900 -0.1900 60.0000 0.1290 0.0582 -173 16.3895 -0.5 -0.9917608370004416 -0.12810324817186958 0.016651751736111112 0.0033920917361111107 0 20881
37.9200 0.1900 44.0000 0.2227 0.0625 -174 6.3345 -0.5 -0.9948099157835046 -0.1017508302610662 0.04960023901234568 0.003908333611111111 0 20979
37.5200 0.0500 40.0000 0.1123 0.0729 -153 6.5699 -0.5 -0.8906100035188773 -0.4547678766492917 0.012609418402777777 0.005317245378086419 0 21042
38.4800 0.1500 26.0000 0.1406 0.0820 166 16.4366 0.5 -0.9716729949774241 0.23632941169393767 0.019758206859567896 0.006720811489197531 0 21151
37.4300 -0.0600 56.0000 0.0688 0.0202 -173 4.8745 0.5 -0.9934328103795266 -0.11441700599751584 0.00472923648919753 0.00040826447530864187 0 21395
37.7500 -0.2300 55.0000 0.0551 0.0291 126 13.7286 -0.5 -0.5826904796685759 0.8126941644330941 0.003036928402777777 0.0008482656249999998 0 21672
37.7700 -0.0900 49.0000 0.2067 0.0425 174 10.3848 0.5 -0.9942448326331054 0.10713175431387377 0.042714555625 0.0018071945679012345 0 21685
38.5100 -0.0200 22.0000 0.0574 0.0390 144 10.0315 0.5 -0.8094271487069732 0.5872203086883997 0.003293484567901234 0.0015179681790123453 0 22111
38.2500 -0.1000 15.0000 0.0430 0.0288 147 7.7003 0.5 -0.8354238674845222 0.5496061877719386 0.0018463731558641973 0.0008265625 0 22309
37.9300 0.2000 5.0000 0.0693 0.0360 146 14.7176 0.5 -0.8307902348497056 0.5565856499033828 0.004805570493827162 0.001292801975308642 0 22474
37.6000 0.0200 18.0000 0.1894 0.1698 54 7.1351 -0.5 0.5924350806898582 0.8056181944122174 0.03588393537808643 0.028836756859567905 0 22490
37.7700 -0.2200 67.0000 0.0115 0.0056 -169 3.4380 -0.5 -0.9827098766572231 -0.1851520951011502 0.000132825625 3.1453402777777783e-05 0 23156
38.0400 -0.0500 59.0000 0.0016 0.0011 101 2.8022 0.5 -0.19594614424251758 0.980614658546613 2.5157484567901233e-06 1.173611111111111e-06 0 23591
37.8300 -0.0900 66.0000 0.0033 0.0022 96 4.9922 -0.5 -0.1074788046979937 0.994207376024082 1.0798526234567902e-05 5.03753086419753e-06 0 23809
37.2900 -0.2400 38.0000 0.0722 0.0239 178 8.2890 -0.5 -0.9990709236912629 0.043096280984402796 0.005206023341049382 0.0005696177777777779 0 23933
37.2500 -0.1100 43.0000 0.0815 0.0351 171 6.0754 0.5 -0.9883083491752471 0.15246838016617714 0.006637722993827161 0.0012353272299382718 0 24101
36.4000 0.1300 55.0000 0.0219 0.0122 -151 4.6625 -0.5 -0.8743657415364587 -0.48526750357653103 0.00047912345679012344 0.00014965444444444445 0 24206
36.4300 -0.1300 53.0000 0.3421 0.0794 -177 6.0990 -0.5 -0.9990252455777164 -0.04414248178776692 0.11702670840277779 0.0063061245679012345 0 24211
36.3900 0.0300 57.0000 0.0209 0.0112 -161 9.2073 0.5 -0.9468178682667945 -0.32176998668415774 0.0004383207484567902 0.00012581361111111113 0 24256
36.8200 -0.0300 59.0000 0.0367 0.0178 176 4.5448 0.5 -0.9977666305840662 0.06679633891853362 0.001349950069444445 0.00031664225308641983 0 24284
36.2200 0.0800 36.0000 0.0312 0.0197 65 8.2654 0.5 0.4272000647069471 0.9041571239084389 0.0009765625 0.0003894044444444445 0 24522
36.0300 0.2700 47.0000 0.0111 0.0045 -164 3.2497 -0.5 -0.9596582036687273 -0.2811692233003309 0.00012253260030864197 1.9926304012345678e-05 0 24632
36.2200 -0.2700 83.0000 0.0128 0.0099 55 11.1383 -0.5 0.5699967625963032 0.8216469379421636 0.00016505111882716048 9.718673611111111e-05 0 24879
36.6800 0.0900 60.0000 0.0627 0.0343 164 3.6735 0.5 -0.9610207909775252 0.27647610983398124 0.00393059336419753 0.0011768711419753086 0 25264
35.7500 -0.1200 56.0000 0.0385 0.0138 162 5.2748 -0.5 -0.9489861361329366 0.3153177975114623 0.0014790434027777775 0.00019105382716049383 0 25333
35.6800 0.2900 56.0000 0.0063 0.0024 -157 2.9671 0.5 -0.9215923900425705 -0.38815907385455073 4.03225e-05 5.70679012345679e-06 0 25432
36.7400 -0.1400 78.0000 0.2850 0.0660 173 6.0754 -0.5 -0.992267084279848 0.1241210435613925 0.08121075062500002 0.004357100069444445 0 25514
36.1700 0.1200 77.0000 0.0675 0.0472 154 8.7128 0.5 -0.8951678675443033 0.4457291654314137 0.00455625 0.0022249564891975307 0 25555
35.6300 0.0100 59.0000 0.0070 0.0033 156 3.0848 0.5 -0.9142539552342636 0.4051415867798629 4.97025e-05 1.0780277777777778e-05 0 25747
35.4100 0.1600 79.0000 0.2572 0.0620 -178 9.1367 -0.5 -0.9994617283920728 -0.032806302436123015 0.06615041111882715 0.0038446889197530864 0 25866
35.3800 -0.2700 52.0000 0.0645 0.0156 -163 5.2512 -0.5 -0.9573699285159978 -0.28886470877085924 0.004163834104938272 0.00024448797067901237 0 25964
35.6200 0.2100 52.0000 0.0489 0.0222 -174 8.3361 -0.5 -0.9943007903969989 -0.10661115427526005 0.002389851859567902 0.0004922235262345679 0 25966
35.7300 -0.1500 48.0000 0.0120 0.0086 137 3.1084 -0.5 -0.7271739912014068 0.6864531932478838 0.00014340062499999999 7.343537808641977e-05 0 25975
35.7200 -0.0500 50.0000 0.0778 0.0353 173 4.1916 0.5 -0.9933325844473029 0.11528389599264066 0.006050246944444444 0.001243933711419753 0 25983
35.5400 -0.0800 50.0000 0.1314 0.0824 105 11.4680 0.5 -0.2552770115318216 0.9668679575740331 0.0172645000308642 0.006792506944444444 0 26017
35.7200 -0.2100 54.0000 0.0428 0.0113 -161 3.5793 -0.5 -0.947042275342853 -0.3211089047557415 0.0018306513040123454 0.00012775278549382717 0 26110
35.4900 -0.2100 60.0000 0.0447 0.0207 -139 7.4648 -0.5 -0.7536781144482307 -0.6572437141591843 0.0019990834567901235 0.0004288350694444444 0 26159
35.1000 -0.2500 51.0000 0.0189 0.0085 54 3.2497 -0.5 0.5879264434418393 0.808914394173963 0.0003582607716049383 7.144945216049383e-05 0 26254
34.8800 -0.0100 49.0000 0.0698 0.0204 142 3.4616 0.5 -0.7887623377048085 0.6146982793358426 0.004868550625000001 0.0004180888966049382 0 26268
35.2800 0.2600 53.0000 0.0335 0.0316 64 5.3219 -0.5 0.4393121211775099 0.8983344923727001 0.0011229945679012345 0.0010017224999999998 0 26301
35.2200 -0.2500 60.0000 0.0662 0.0299 -158 4.5684 -0.5 -0.9241464707812584 -0.38203834957049093 0.004385750624999999 0.0008916859567901235 0 26370
35.4400 0.2400 48.0000 0.0493 0.0297 -176 5.8400 -0.5 -0.99780146829205 -0.06627390040000058 0.0024340518595679017 0.000879781512345679 0 26809
35.1000 -0.2500 59.0000 0.0040 0.0028 -161 2.2371 -0.5 -0.9446630008984904 -0.32804239776812183 1.566840277777778e-05 7.685216049382716e-06 0 27034
34.6800 -0.0800 81.0000 0.1245 0.1004 51 17.2373 -0.5 0.6356741114169157 0.7719575273771963 0.01549264260030864 0.010079044475308644 0 27150
34.9300 0.0300 63.0000 0.0197 0.0155 -169 12.6454 0.5 -0.981892646111825 -0.1894381997156811 0.0003900624999999999 0.00023938966049382717 0 27482
34.5700 0.0300 56.0000 0.0155 0.0088 118 3.3438 0.5 -0.4711658342270303 0.8820446455010917 0.00024059456790123462 7.665975308641973e-05 0 27626
34.4700 0.0100 80.0000 0.0036 0.0022 172 4.4271 0.5 -0.9904614256966512 0.13779029068463802 1.2900069444444444e-05 4.754822530864196e-06 0 27772
34.8400 0.0600 84.0000 0.0182 0.0093 -172 2.7080 -0.5 -0.9910997473659747 -0.13312133852655259 0.0003316445679012346 8.716297067901234e-05 0 27963
34.5600 -0.2800 86.0000 0.0114 0.0101 92 2.9671 -0.5 -0.037690182669934354 0.9992894726405892 0.0001297067901234568 0.0001010583410493827 0 27979
35.0200 -0.2000 87.0000 0.0501 0.0302 146 8.0770 0.5 -0.8333073778843497 0.5528099257100125 0.0025108450694444444 0.0009100277777777776 0 28338
34.0400 0.1200 36.0000 0.0527 0.0339 84 7.2057 0.5 0.11112203497849353 0.9938067686136166 0.002779925625 0.001152413896604938 0 28618
34.8300 -0.0600 45.0000 0.2816 0.1842 -174 11.2796 -0.5 -0.9953458772040494 -0.09636692758878136 0.07929543114197529 0.03393066334104938 0 29052
34.8200 0.1300 33.0000 0.0262 0.0105 179 3.1790 0.5 -0.999914327574007 0.013089595571344637 0.0006887708641975309 0.00010926056327160494 0 29168
33.6600 -0.1800 51.0000 0.1454 0.0632 179 10.0551 -0.5 -0.9997543513396826 0.022163866480614473 0.02114116 0.003990027777777777 0 29208
33.4100 -0.2800 47.0000 0.0404 0.0137 177 4.6625 -0.5 -0.999017526045259 0.044316843913011994 0.0016330579012345675 0.00018685371141975309 0 29215
33.9500 -0.0200 58.0000 0.0632 0.0434 -163 9.1838 0.5 -0.9556903171339959 -0.29437394201308376 0.003992133611111112 0.0018828367361111112 0 29256
34.2400 0.1000 55.0000 0.1457 0.0937 122 13.7992 -0.5 -0.53287627607073 0.846193166127564 0.02124144308641975 0.008781251736111112 0 29325
33.7000 0.2000 41.0000 0.1225 0.0445 -158 7.0174 0.5 -0.9239463092983338 -0.38252217913996545 0.015017821674382717 0.0019847025 0 29361
33.6100 -0.0400 88.0000 0.2374 0.0663 163 5.9812 0.5 -0.9576216459576222 0.2880291360147693 0.05635348456790124 0.004394216790123456 0 29368
33.0400 0.0600 83.0000 0.0540 0.0163 169 5.3925 0.5 -0.9805804445574351 0.19611729080206816 0.0029121013040123464 0.0002645140817901234 0 29561
33.0200 0.1600 73.0000 0.0699 0.0334 177 7.2764 0.5 -0.998498672858271 0.05477590985343345 0.004887563456790124 0.0011181592901234566 0 29564
32.4800 -0.0900 77.0000 0.0966 0.0937 167 11.1854 -0.5 -0.9759167619387474 0.21814324139654231 0.009329950069444445 0.008771363086419754 0 29629
33.3200 -0.2800 37.0000 0.0131 0.0108 -180 2.7551 -0.5 -0.9999990252244151 -0.001396262947914756 0.0001724114891975309 0.00011730093364197534 0 29747
33.4000 -0.2800 29.0000 0.0130 0.0089 151 2.1900 -0.5 -0.8785671524643953 0.47761884239485775 0.00017030249999999998 7.94574151234568e-05 0 29776
32.5600 -0.2400 46.0000 0.0637 0.0290 175 7.3706 -0.5 -0.9958527012051857 0.09098020390357014 0.004061937777777778 0.0008411611188271605 0 29806
32.4700 0.1800 44.0000 0.1003 0.0488 158 13.4225 -0.5 -0.9263315133107687 0.37670934080187235 0.010056189822530863 0.002377645956790123 0 29832
33.3500 0.1000 11.0000 0.1438 0.0765 62 9.1132 0.5 0.4687008669912818 0.8833569478311816 0.020664861118827163 0.0058446025000000006 0 29908
32.7600 0.1900 19.0000 0.0545 0.0254 166 15.4241 0.5 -0.9687565433705924 0.24801362800592563 0.0029687363040123457 0.0006426225000000001 0 29910
32.7800 -0.0700 36.0000 0.1254 0.0757 171 8.3125 0.5 -0.9863718850597311 0.16453116532655043 0.015731430624999994 0.0057359585262345665 0 29959
33.3500 -0.0100 73.0000 0.1750 0.0481 158 8.8306 -0.5 -0.9286801473411918 0.37088163062403406 0.030627916736111108 0.0023154809336419753 0 30096
32.8400 -0.2000 80.0000 0.0133 0.0097 73 6.1932 0.5 0.30020639327931103 0.9538742691960129 0.0001756361188271605 9.430567901234568e-05 0 30725
33.3900 0.1500 84.0000 0.0801 0.0345 -163 5.1335 -0.5 -0.9541358854542992 -0.29937386674247385 0.00641556500771605 0.0011898666975308644 0 30971
32.7700 -0.1600 92.0000 0.0270 0.0142 89 8.6422 -0.5 0.01483475447413843 0.9998899589753325 0.0007291500077160492 0.00020085188271604942 0 31021
32.7400 -0.2600 89.0000 0.1395 0.0265 -180 8.2183 -0.5 -0.9999718382517224 -0.007504845332927067 0.01944862673611111 0.0007013669444444445 0 31071
32.8000 -0.2200 85.0000 0.0144 0.0110 -139 9.7490 0.5 -0.7568810007132413 -0.6535527145986944 0.00020800049382716052 0.00012179574845679008 0 31120
32.1000 -0.0500 73.0000 0.0397 0.0337 -147 8.7364 -0.5 -0.8364774953368375 -0.5480012771837408 0.0015769723456790126 0.001136251736111111 0 31432
32.2500 -0.2200 22.0000 0.0392 0.0129 -153 5.1335 0.5 -0.8926644978329499 -0.45072174820907795 0.001539908402777778 0.0001662666975308642 0 31465
32.1200 -0.0800 45.0000 0.0683 0.0404 166 10.5025 -0.5 -0.9720430214433042 0.23480282039058237 0.004670583402777777 0.0016346298225308645 0 31505
32.2300 0.1200 82.0000 0.0814 0.0454 69 4.6625 0.5 0.35135148057060483 0.9362436312738496 0.0066182744521604935 0.00206393537808642 0 31508
31.5400 -0.1300 42.0000 0.1150 0.0639 48 7.8886 -0.5 0.6640567179275978 0.7476822021254932 0.013226277808641974 0.004085340277777777 0 31567
30.8200 0.0800 46.0000 0.0088 0.0044 86 3.3438 -0.5 0.06104853953485691 0.9981347984218669 7.665975308641973e-05 1.9067777777777783e-05 0 31664
30.8300 -0.1800 52.0000 0.0598 0.0494 148 6.0519 -0.5 -0.8490639045864419 0.5282901531624696 0.0035813575308641975 0.002443379822530864 0 31930
30.7800 0.2200 41.0000 0.0266 0.0089 109 4.0503 -0.5 -0.32705296929832484 0.9450060080619324 0.0007050500077160495 7.876562499999999e-05 0 32020
31.6100 -0.1300 32.0000 0.0227 0.0185 59 5.2748 -0.5 0.514140169174653 0.8577061772198328 0.0005132741975308643 0.000341941736111111 0 32054
31.1100 0.0400 40.0000 0.1787 0.0921 -162 9.2073 -0.5 -0.9528205419959803 -0.3035342068869443 0.031948583402777786 0.00848343336419753 0 32092
31.4200 -0.1400 31.0000 0.0140 0.0086 -173 3.1790 -0.5 -0.9924608289187784 -0.12256224158300692 0.0001954559336419753 7.47744521604938e-05 0 32172
31.2800 -0.1600 23.0000 0.0608 0.0356 49 6.7819 -0.5 0.6534206039901054 0.7569950556517564 0.0036959644753086426 0.0012693385493827156 0 32327
31.3800 0.2100 17.0000 0.0591 0.0260 165 7.0645 -0.5 -0.9669570071543773 0.2549394954004767 0.0034918250694444437 0.0006773006249999999 0 32345
31.0700 0.0800 18.0000 0.0297 0.0163 163 6.6877 0.5 -0.9549163737390995 0.29687492175151514 0.0008845667361111111 0.000266505625 0 32423
31.8400 -0.1600 38.0000 0.1288 0.0412 -172 4.8038 -0.5 -0.9902194278351374 -0.13951876123967397 0.01657799308641975 0.001698355679012346 0 32439
30.8900 0.0400 95.0000 0.0283 0.0103 -155 5.8400 0.5 -0.9043806813891329 -0.42672659060589113 0.0008019909336419754 0.00010666299382716049 0 32617
31.6600 0.2500 92.0000 0.0177 0.0094 -143 3.0613 -0.5 -0.7942025579772131 -0.6076531057292898 0.00031319167438271606 8.778648919753086e-05 0 32680
30.7700 0.1100 92.0000 0.0195 0.0073 150 4.0974 -0.5 -0.863747566902022 0.5039247371094586 0.0003798167901234568 5.373704475308642e-05 0 32776
30.7900 -0.0500 94.0000 0.0690 0.0428 -174 11.4444 -0.5 -0.9943934475666106 -0.1057434226634941 0.004755251736111111 0.001832315586419753 0 32932
31.4200 -0.2400 90.0000 0.0646 0.0508 149 11.7506 -0.5 -0.8602974768773848 0.5097923609455184 0.004175313611111111 0.00258064 0 33391
31.3800 -0.1000 70.0000 0.0115 0.0087 128 2.8729 -0.5 -0.6122172800344491 0.7906895737438435 0.00013154815586419752 7.520743827160493e-05 0 33423
30.9900 -0.1000 79.0000 0.0326 0.0202 116 5.9341 -0.5 -0.4394689034323691 0.898257804261088 0.0010618546373456792 0.0004078155864197531 0 33473
31.5600 -0.0800 81.0000 0.1245 0.0627 -149 6.5229 -0.5 -0.8573470306804499 -0.514738835705463 0.015500941674382714 0.003927807438271606 0 33476
30.8700 0.0600 75.0000 0.0605 0.0304 47 4.0267 0.5 0.68492869915578 0.7286100994858435 0.00366562975308642 0.0009233157484567901 0 33502
31.1600 -0.0900 82.0000 0.1669 0.0612 136 9.9373 -0.5 -0.7171539204983455 0.6969148113750006 0.027848192716049377 0.0037447600308641977 0 33530
32.0300 -0.2200 71.0000 0.0044 0.0035 127 4.7332 -0.5 -0.6061272273488071 0.7953677038115438 1.9506944444444447e-05 1.2250000000000001e-05 0 33653
30.4700 0.0600 43.0000 0.1614 0.0892 -168 9.4428 0.5 -0.9765972620638246 -0.21507623701711331 0.026040097600308638 0.007955153402777776 0 34159
30.3800 -0.0000 50.0000 0.0034 0.0028 172 2.1900 0.5 -0.9905334367505378 0.13727166743056748 1.1560000000000001e-05 7.824452160493827e-06 0 34180
30.4000 0.1400 95.0000 0.0053 0.0022 113 1.1774 -0.5 -0.3878373537817292 0.9217278269704056 2.7796327160493828e-05 5.03753086419753e-06 0 34196
30.3400 0.0400 94.0000 0.0597 0.0380 81 4.0974 0.5 0.14884502488495227 0.9888605354482491 0.003559116736111111 0.0014465344444444441 0 34198
29.4100 -0.1400 97.0000 0.0979 0.0638 86 11.0206 -0.5 0.06679633891853311 0.9977666305840662 0.009576253402777778 0.00406477086419753 0 34614
30.3700 0.2800 94.0000 0.0234 0.0081 -144 4.1680 -0.5 -0.8039606645341971 -0.5946824782030593 0.0005489909336419753 6.5205625e-05 0 34718
30.0400 -0.1700 46.0000 0.0203 0.0101 45 4.6390 -0.5 0.7035187500079655 0.7106766975124693 0.0004106251929012346 0.00010122595679012346 0 35081
29.2300 -0.0500 59.0000 0.0161 0.0152 168 5.4396 0.5 -0.9770083787377244 0.2132009096516319 0.00025921 0.00023196982253086417 0 35386
29.9500 0.1500 94.0000 0.0125 0.0092 67 2.2371 -0.5 0.3889631670308415 0.9212533064762035 0.00015694521604938273 8.418062500000002e-05 0 35512
29.9500 0.1200 38.0000 0.0892 0.0488 -163 6.3816 0.5 -0.9543446553069651 -0.29870768133248576 0.007961100625 0.0023765625 0 35524
28.8500 0.1100 47.0000 0.0832 0.0582 114 14.4350 0.5 -0.40912690289544595 0.9124774941483107 0.006927787777777777 0.003384977044753086 0 35564
30.3500 0.3000 92.0000 0.0051 0.0016 177 2.7787 -0.5 -0.9986658287817988 0.05163876861005658 2.6151859567901236e-05 2.524567901234568e-06 0 35690
28.8400 -0.1600 30.0000 0.0738 0.0296 154 6.4051 -0.5 -0.897104200397392 0.4418190281431482 0.005452181512345678 0.0008755023456790122 0 35719
28.9200 0.0200 45.0000 0.0177 0.0104 174 5.9812 0.5 -0.9946308119914323 0.10348694525042242 0.00031319167438271606 0.00010764062500000002 0 35843
29.2700 -0.1300 49.0000 0.0315 0.0153 -155 14.7412 -0.5 -0.907337731674954 -0.4204024746346638 0.00099347537808642 0.0002337501234567901 0 36255
29.8400 0.1900 83.0000 0.0775 0.0274 -170 7.1587 -0.5 -0.9848985399859495 -0.17313250975349814 0.006009694938271604 0.0007535024999999999 0 36382
29.2300 0.2500 55.0000 0.0145 0.0138 153 3.6029 -0.5 -0.8940760745176319 0.4479151403727516 0.000209525625 0.0001905933641975309 0 36643
30.1200 -0.0700 87.0000 0.0222 0.0129 -170 2.8964 -0.5 -0.9849589146280212 -0.1727887047662275 0.0004934568595679012 0.0001662666975308642 0 36665
29.8000 -0.2100 90.0000 0.0468 0.0155 137 4.3093 -0.5 -0.7320674874917128 0.681232114449672 0.0021860819753086414 0.00024137074845679014 0 36706
29.2400 -0.2800 71.0000 0.0146 0.0069 -139 9.7725 -0.5 -0.7564245504347982 -0.6540809579092741 0.00021226871141975313 4.745679012345679e-05 0 37012
28.9500 0.0900 69.0000 0.0409 0.0205 46 4.1680 0.5 0.6917651662384785 0.7221225344628501 0.0016716740817901232 0.0004183161188271605 0 37048
29.4600 -0.1800 77.0000 0.0652 0.0459 117 8.4538 -0.5 -0.4513448357044166 0.8923496171809305 0.004252126736111111 0.002110381512345679 0 37312
29.4200 0.1800 79.0000 0.1504 0.0449 177 4.5919 -0.5 -0.9982912023899855 0.05843522251824647 0.02261180521604939 0.002020003086419753 0 37387
28.6500 0.1400 80.0000 0.0047 0.0028 143 2.6845 -0.5 -0.79494435338751 0.6066823510019996 2.2116118827160496e-05 7.886736111111111e-06 0 37713
28.1500 -0.0400 98.0000 0.1770 0.0894 158 12.8809 0.5 -0.9292615808917023 0.3694224063029396 0.03132900000000001 0.007994346790123456 0 37849
27.9800 0.0800 78.0000 0.0034 0.0017 168 2.6845 0.5 -0.9796103293971523 0.20090694995047523 1.1259753086419754e-05 3.0237345679012342e-06 0 38098
28.6600 0.2600 93.0000 0.0266 0.0074 -137 5.6280 -0.5 -0.7301622766207524 -0.6832737736807991 0.0007085948225308643 5.46367361111111e-05 0 38622
29.1200 0.1000 94.0000 0.0047 0.0019 -180 2.5668 0.5 -0.999988896715596 -0.004712371539373696 2.164834104938271e-05 3.780864197530864e-06 0 38742
28.4000 0.2100 96.0000 0.0483 0.0163 146 6.5229 -0.5 -0.8323412738406635 0.554263478736694 0.0023323533641975308 0.000264875625 0 38822
28.3100 0.0300 38.0000 0.1857 0.1288 167 16.8134 0.5 -0.9751106719460225 0.2217186899135399 0.034469016736111115 0.01658944 0 39046
28.7700 -0.2200 89.0000 0.1709 0.0541 -179 11.9860 -0.5 -0.9996797880281931 -0.025304572865529538 0.0292001642669753 0.002931921674382716 0 39731
28.4700 0.2000 100.0000 0.0050 0.0046 173 2.0251 -0.5 -0.9927573419294455 0.12013683883464728 2.4640192901234572e-05 2.1364938271604936e-05 0 39782
28.8000 0.2000 81.0000 0.0731 0.0547 126 6.6877 -0.5 -0.5815551769263387 0.8135069613655281 0.005349297067901235 0.0029936096373456788 0 39826
28.6500 0.1400 71.0000 0.0164 0.0101 125 7.8180 -0.5 -0.5692795234308442 0.8221440410307375 0.00026868673611111105 0.00010167361111111111 0 39989
27.6900 -0.2100 43.0000 0.1666 0.0396 -164 6.6641 -0.5 -0.9610207909775252 -0.27647610983398124 0.027757411141975302 0.0015712415123456786 0 40422
28.4900 0.1700 32.0000 0.0100 0.0061 137 4.3564 -0.5 -0.7308773987563403 0.6825087750257616 0.00010027797067901234 3.717611882716049e-05 0 41022
28.1900 0.2100 87.0000 0.0651 0.0275 164 4.6390 -0.5 -0.9603423641844283 0.27882349892479075 0.004241627438271606 0.0007559444753086421 0 41092
27.0400 -0.1600 100.0000 0.0586 0.0472 173 8.5009 -0.5 -0.9922019586385583 0.12464057635380427 0.003437867777777778 0.0022252185493827157 0 41160
27.8700 0.2000 94.0000 0.0315 0.0213 171 5.1100 -0.5 -0.987024406397454 0.1605702997934347 0.0009913751929012346 0.00045546673611111105 0 41424
27.9800 0.2800 97.0000 0.0204 0.0136 -178 4.5919 -0.5 -0.9996245977511435 -0.027398240287735284 0.0004166134567901235 0.0001851111419753086 0 41460
27.1100 -0.1000 49.0000 0.1179 0.0341 -169 19.5921 -0.5 -0.9813262504681155 -0.19235069571537647 0.013904340277777778 0.0011609163271604937 0 43140
27.0000 -0.0300 -14.0000 0.0023 0.0019 171 2.7080 -0.5 -0.986799245910024 0.16194828888076612 5.2644753086419755e-06 3.453402777777778e-06 0 43293
27.8200 -0.1900 16.0000 0.0611 0.0367 -140 20.2985 -0.5 -0.7681717916741637 -0.6402437805056017 0.0037359260493827155 0.001348929660493827 0 43337
28.5800 0.1500 -16.0000 0.0118 0.0069 108 4.5684 -0.5 -0.3080208810645511 0.9513795966007562 0.00014022506944444445 4.749506944444444e-05 0 43452
28.4400 0.0500 -13.0000 0.1128 0.0388 113 9.7725 -0.5 -0.3960263457211939 0.9182391483130729 0.01273136111111111 0.001508027777777778 0 43455
26.8900 -0.2900 66.0000 0.0322 0.0083 -174 5.9106 -0.5 -0.9950901784711764 -0.09897240378106514 0.0010348731558641976 6.953706790123457e-05 0 43876
27.2100 0.1500 30.0000 0.0983 0.0515 159 13.4225 0.5 -0.9316912275855489 0.3632512304729784 0.009667259382716047 0.0026479600694444445 0 43988
27.7800 0.1700 40.0000 0.2202 0.0771 -167 21.0521 -0.5 -0.975649521419852 -0.2193353855473707 0.04848437006944445 0.005941412044753087 0 44021
27.6300 -0.1200 76.0000 0.1131 0.0524 148 5.6045 -0.5 -0.8526401643540922 0.5224985647159489 0.012785955625 0.002747798155864198 0 44031
28.2900 -0.0200 78.0000 0.1209 0.0811 113 6.3345 -0.5 -0.3863890292171644 0.9223359030746973 0.014618825069444443 0.006583068526234566 0 44090
27.6000 0.1200 29.0000 0.0071 0.0050 83 8.1241 0.5 0.12100313719447373 0.992652124759271 5.0212970679012354e-05 2.5222716049382707e-05 0 44117
27.7500 0.1900 81.0000 0.0655 0.0256 -155 6.3345 -0.5 -0.9028856178151219 -0.42988086854686336 0.004290977808641975 0.0006550755864197531 0 44151
27.4400 0.0200 93.0000 0.2198 0.0978 167 14.0583 -0.5 -0.972897087776357 0.23123852749116777 0.04831570340277778 0.00956484 0 44587
28.1400 0.2000 70.0000 0.0175 0.0054 49 4.8038 -0.5 0.6601327782346886 0.7511489300399431 0.00030634722993827155 2.9130007716049385e-05 0 44772
27.0000 -0.2900 67.0000 0.0123 0.0053 169 5.5338 -0.5 -0.9806488426645603 0.19577499171410642 0.00015129 2.832604938271605e-05 0 44797
27.2100 -0.1300 25.0000 0.0684 0.0544 -172 8.4303 -0.5 -0.9906528516965009 -0.13640721177998832 0.004684261736111111 0.0029557344444444446 0 44901
28.5200 -0.1400 73.0000 0.0186 0.0147 58 5.5809 -0.5 0.5347948541826752 0.844981931132099 0.000346890625 0.00021625336419753085 0 44910
26.9300 -0.0900 -14.0000 0.1262 0.0353 171 8.4774 -0.5 -0.9878787241768515 0.15522765964452392 0.015925037808641976 0.0012433459567901236 0 45016
26.7700 -0.1000 74.0000 0.1580 0.0487 -164 17.4963 0.5 -0.9606338208497771 -0.27781767805443625 0.024958733611111113 0.0023762916743827163 0 45022
26.1300 -0.0300 27.0000 0.0577 0.0359 137 6.6877 0.5 -0.7313537016191705 0.6819983600624985 0.003334420864197531 0.0012894084027777778 0 45091
26.6300 0.0500 26.0000 0.1967 0.1105 141 12.6218 0.5 -0.7738402097265061 0.6333808726275503 0.03867450006944445 0.012203498155864197 0 45156
26.6800 -0.0100 98.0000 0.1156 0.0608 -136 7.9593 -0.5 -0.7161801451052376 -0.6979154674866009 0.01337042537808642 0.003699004822530864 0 45225
25.3300 -0.0500 102.0000 0.0144 0.0088 -142 5.2042 -0.5 -0.7915436193031368 -0.611112672704871 0.0002076000694444444 7.763567901234568e-05 0 45546
26.2900 0.0700 64.0000 0.0113 0.0072 -140 2.5668 0.5 -0.7618775579178451 -0.6477210717130798 0.0001276272299382716 5.128151234567901e-05 0 45879
25.6300 -0.1600 94.0000 0.1965 0.0599 -179 13.8699 -0.5 -0.9997224302180006 -0.02355976483361014 0.03861443336419753 0.003593336419753087 0 46051
26.2900 0.2800 86.0000 0.0383 0.0098 175 6.7112 -0.5 -0.9954794605355862 0.094977069083954 0.0014637000694444444 9.517086419753086e-05 0 46058
25.6400 -0.0300 80.0000 0.0251 0.0149 81 3.7913 -0.5 0.15195088224824424 0.9883880459536023 0.0006309864891975311 0.00022234123456790124 0 46096
26.2200 0.0400 103.0000 0.0985 0.0715 139 13.9170 -0.5 -0.7542513807361039 0.6565857557529564 0.009700061234567901 0.005117017777777777 0 46449
25.7000 0.0100 98.0000 0.0495 0.0269 91 5.6045 -0.5 -0.009599163462400149 0.999953926969049 0.0024508000308641974 0.0007261527854938272 0 46541
26.0100 -0.0700 89.0000 0.0449 0.0142 -140 4.1209 -0.5 -0.7658200212498376 -0.6430549704752295 0.002013516327160494 0.00020306249999999996 0 46683
25.4400 0.0500 -13.0000 0.0507 0.0226 161 5.2983 -0.5 -0.9451201135094098 0.3267230800539812 0.002567674104938271 0.0005117649382716049 0 47343
25.7000 0.1100 29.0000 0.1198 0.0711 -180 12.4099 0.5 -0.9999705131786779 -0.007679373227782782 0.014343389081790121 0.0050481025 0 47571
25.4500 0.0700 53.0000 0.0452 0.0313 148 7.7474 0.5 -0.8444214320596185 0.5356794237959706 0.00204354225308642 0.0009826483410493826 0 47727
25.2300 0.2800 49.0000 0.0193 0.0111 56 9.6077 -0.5 0.5544087412513287 0.8322445239375968 0.00037377777777777767 0.00012339506944444446 0 47775
25.4100 -0.1600 61.0000 0.1997 0.0551 156 9.6783 -0.5 -0.9134744547927666 0.4068960806410622 0.0398823089197531 0.0030399907484567907 0 47799
26.3600 0.0900 56.0000 0.0731 0.0529 162 11.6564 -0.5 -0.9506782711238735 0.3101786981933527 0.005349297067901235 0.0027984100000000003 0 47974
25.4000 0.2100 39.0000 0.0941 0.0219 -146 6.4051 -0.5 -0.8257046778135962 -0.5641026369702106 0.008858992716049383 0.0004783941049382715 0 48215
25.1800 0.1000 47.0000 0.0708 0.0406 134 12.8102 -0.5 -0.6897459250648457 0.7240514890920675 0.005007134845679012 0.0016510677777777777 0 48361
24.5700 -0.0800 48.0000 0.3205 0.1291 -172 12.2686 -0.5 -0.990700406440892 -0.13606140039648085 0.10270600604938274 0.016679005007716047 0 48386
25.2800 0.1300 104.0000 0.1532 0.0447 -167 11.2560 -0.5 -0.972897087776357 -0.23123852749116777 0.023459176859567898 0.001994614845679012 0 48393
24.8900 0.2200 98.0000 0.0491 0.0235 -151 10.2906 -0.5 -0.8763066800438635 -0.4817536741017156 0.0024078103780864196 0.0005542100694444444 0 48406
23.3100 0.2600 82.0000 0.0241 0.0195 148 9.8667 -0.5 -0.8486948816015427 0.5288827828010129 0.0005797393827160495 0.0003799250694444445 0 48828
23.9000 -0.2000 56.0000 0.0747 0.0332 103 4.3093 0.5 -0.22154849761946732 0.9751493543055633 0.0055792600308641966 0.0011009492669753086 0 48878
24.3400 0.2300 88.0000 0.0149 0.0070 -138 4.2858 -0.5 -0.7373952383153206 -0.6754615181562097 0.00022275562499999996 4.861188271604939e-05 0 49015
24.6500 0.1600 52.0000 0.0415 0.0302 179 5.3219 -0.5 -0.9998123463078188 0.019371942867307156 0.0017192540817901236 0.000910530625 0 49270
23.4400 -0.1300 91.0000 0.1835 0.0607 122 28.2107 -0.5 -0.5344998672707373 0.8451685582696296 0.03368142562500001 0.003679096419753087 0 49673
23.3100 0.0500 82.0000 0.0665 0.0319 161 13.0457 -0.5 -0.9461418786720756 0.3237522902202784 0.004423358402777778 0.0010154844444444444 0 50188
24.0600 0.0100 85.0000 0.1510 0.0774 -146 16.2483 -0.5 -0.8248175691557924 -0.5653989543781714 0.022802677808641977 0.005995060771604938 0 50208
24.6300 -0.1900 91.0000 0.1213 0.0641 168 17.0960 -0.5 -0.9787959465388842 0.2048377285537251 0.014709646944444446 0.004113084444444444 0 50336
23.9800 -0.1000 72.0000 0.0206 0.0092 140 7.2764 -0.5 -0.7673890132335109 0.6411818013391353 0.0004244744521604939 8.418062500000002e-05 0 50572
23.7100 -0.1700 78.0000 0.0481 0.0310 177 21.0992 -0.5 -0.9989225180424558 0.04640908259941701 0.0023106714891975313 0.0009628953780864197 0 50609
24.1300 -0.1000 70.0000 0.0208 0.0061 88 2.7080 -0.5 0.040306184241054394 0.9991873755767364 0.00043264 3.731173611111111e-05 0 50621
23.8600 -0.1100 75.0000 0.0257 0.0133 179 7.0174 0.5 -0.9999000719197535 0.014136696038032866 0.0006584926234567901 0.00017629938271604938 0 50661
23.6000 -0.1300 70.0000 0.0086 0.0068 120 2.9200 -0.5 -0.5007555592532993 0.8655887417688122 7.372130401234566e-05 4.567506944444444e-05 0 50674
23.3900 0.1900 75.0000 0.0158 0.0115 -137 6.5935 -0.5 -0.7268144654869028 -0.6868338465444083 0.00024972778549382714 0.00013231389660493825 0 50741
24.7400 0.2200 94.0000 0.0164 0.0081 179 3.7913 -0.5 -0.9996972103353584 0.02460665860498163 0.00026768595679012346 6.615111111111113e-05 0 50987
23.2200 -0.1100 94.0000 0.0074 0.0053 149 6.0048 -0.5 -0.8527313445700893 0.522349742976569 5.537840277777778e-05 2.7679290123456794e-05 0 51061
23.2400 0.0200 82.0000 0.0053 0.0041 109 2.6609 -0.5 -0.3301849239020538 0.9439162653688065 2.835562500000001e-05 1.7084444444444444e-05 0 51201
23.2400 -0.1200 -6.0000 0.0146 0.0109 55 5.2042 -0.5 0.5727183079945474 0.8197522428684552 0.0002129978086419753 0.00011899173611111113 0 51299
23.7200 -0.0100 3.0000 0.0232 0.0214 -159 10.2199 0.5 -0.9337679395350391 -0.3578790788750964 0.0005361797530864197 0.0004572469444444445 0 51304
23.8700 0.0800 38.0000 0.0538 0.0197 -156 4.8038 0.5 -0.9103228124665712 -0.41389899384143464 0.0028950378086419746 0.00038721493827160503 0 51607
23.4300 -0.0400 53.0000 0.1436 0.0647 160 7.5590 -0.5 -0.9405848061304454 0.3395588645235939 0.020613780625 0.004186449452160493 0 51644
24.2100 0.1200 103.0000 0.0062 0.0037 146 1.9780 0.5 -0.8297201366762659 0.5581796259215476 3.868148919753087e-05 1.3546489197530863e-05 0 51805
24.3000 -0.1500 100.0000 0.0088 0.0045 164 3.9090 -0.5 -0.9632094874905512 0.2687517129400103 7.763567901234568e-05 2.0551111111111113e-05 0 52391
23.0600 -0.1000 102.0000 0.0593 0.0305 131 4.9687 -0.5 -0.6535527145986941 0.7568810007132415 0.0035145136111111104 0.0009295723456790125 0 52418
23.0500 0.1800 105.0000 0.0627 0.0400 179 6.8525 0.5 -0.9998873545930577 0.015009267966723758 0.003934774104938271 0.001601333611111111 0 52427
22.7800 -0.2500 71.0000 0.0635 0.0313 -175 6.3816 -0.5 -0.9967367497632916 -0.08072082551181833 0.0040371904012345685 0.0009769097530864198 0 52918
23.0200 -0.2200 70.0000 0.0968 0.0550 -175 14.9296 -0.5 -0.9962703764929413 -0.08628636579792345 0.00936486299382716 0.003023166944444445 0 53035
22.1300 0.0400 42.0000 0.0081 0.0044 172 5.2983 0.5 -0.9910065696220577 0.13381322418177433 6.502630401234569e-05 1.9164938271604934e-05 0 53058
22.5700 -0.0500 107.0000 0.0040 0.0024 85 4.3800 0.5 0.09462957542023054 0.9955125531382248 1.566840277777778e-05 5.975308641975311e-06 0 53372
22.5400 0.1600 24.0000 0.0272 0.0135 163 18.2970 0.5 -0.9583724218952512 0.2855211042123343 0.0007384806249999999 0.00018224999999999998 0 54692
21.7400 0.0300 22.0000 0.1043 0.0724 -155 8.1948 0.5 -0.9043061897748865 -0.4268844283114892 0.010884864822530864 0.005240553402777778 0 54855
22.3400 0.2300 15.0000 0.0735 0.0221 178 6.0754 -0.5 -0.9992494556590916 0.03873661530140621 0.005395310563271606 0.0004884100000000001 0 55007
21.6600 -0.1000 103.0000 0.1190 0.0620 -176 30.8010 -0.5 -0.9973144772244581 -0.07323819712763169 0.01416298340277778 0.0038415892669753085 0 55153
22.5500 -0.0300 95.0000 0.0141 0.0086 -155 3.7677 -0.5 -0.9028105756982937 -0.43003844526660107 0.00019928027777777778 7.34829938271605e-05 0 55566
22.0200 0.1700 50.0000 0.0913 0.0715 -140 6.2403 -0.5 -0.764696512758737 -0.6443905984530088 0.00834279262345679 0.005115825625000001 0 55611
22.3900 -0.1400 42.0000 0.0588 0.0287 -165 23.6895 -0.5 -0.9649249143933961 -0.2625260169638378 0.0034600538271604936 0.0008243279012345679 0 55828
22.7200 -0.0100 36.0000 0.0149 0.0138 -160 4.8509 0.5 -0.9408216337039957 -0.3389021297580535 0.00022101777777777779 0.0001909002777777778 0 55886
21.8400 0.1700 108.0000 0.0481 0.0192 136 6.6877 -0.5 -0.7141062388427499 0.7000373416081898 0.0023117398225308643 0.00036736111111111106 0 56125
22.3100 -0.0100 82.0000 0.1170 0.0608 115 15.2357 -0.5 -0.41754991917001677 0.9086539852997468 0.013690950069444445 0.0036996806249999996 0 56420
22.7100 -0.2200 106.0000 0.0712 0.0300 -142 5.6516 -0.5 -0.7918634886326108 -0.6106981376839061 0.005063113086419755 0.0008973353086419754 0 56572
21.8800 0.2200 75.0000 0.0361 0.0256 176 7.2764 -0.5 -0.9981241282392745 0.061222745990261784 0.0013064208641975308 0.0006543648225308643 0 56641
21.9500 0.0900 75.0000 0.0552 0.0283 -163 11.1854 0.5 -0.9570669052188783 -0.2898671056445673 0.003043361111111111 0.0008004184027777777 0 56737
22.5500 -0.2100 78.0000 0.0658 0.0291 176 7.2293 -0.5 -0.9975151079578237 0.07045288777538665 0.004332930624999999 0.0008497225 0 56817
22.7700 -0.0500 71.0000 0.0705 0.0398 134 13.5873 -0.5 -0.6970399677313083 0.7170322749954403 0.004969858341049383 0.001584703402777778 0 56934
21.5500 0.2400 79.0000 0.0730 0.0268 -178 8.7128 0.5 -0.9994089633576715 -0.03437621212909235 0.005324539822530865 0.0007167518827160493 0 56950
22.9700 0.0100 79.0000 0.0370 0.0246 -171 5.2277 -0.5 -0.9868557164068072 -0.16160382110336136 0.001365713086419753 0.0006050233410493827 0 56969
21.4000 -0.2200 89.0000 0.0536 0.0255 48 8.8306 -0.5 0.6630121096656794 0.748608671093693 0.00286879262345679 0.000649117160493827 0 57240
21.9200 -0.2100 79.0000 0.1001 0.0365 179 10.9499 -0.5 -0.9997014897811831 0.024432178152653087 0.010011114197530863 0.001331641736111111 0 57409
21.3700 0.0200 101.0000 0.0344 0.0141 156 10.8557 -0.5 -0.9102505595997962 0.4140578688399218 0.0011820226003086418 0.00019779297067901237 0 57595
21.4800 -0.1600 62.0000 0.0162 0.0107 -157 13.9170 -0.5 -0.9180316635425879 -0.3965070803065547 0.00026181037808641977 0.00011538340277777778 0 57661
20.7600 -0.1000 57.0000 0.0813 0.0571 173 8.8070 0.5 -0.9922019586385583 0.12464057635380427 0.006609238341049384 0.0032594584027777775 0 57792
21.5900 -0.0500 68.0000 0.1236 0.0483 164 6.5229 0.5 -0.9618368807622862 0.2736234909606184 0.015287261736111111 0.002328866736111111 0 57819
21.2900 0.1900 26.0000 0.0756 0.0406 -173 14.1289 -0.5 -0.9919387360751214 -0.12671836439005482 0.005714940007716049 0.0016521966743827162 0 57885
21.1900 -0.1200 65.0000 0.0545 0.0141 -151 3.5558 -0.5 -0.8705275311600722 -0.4921197186583256 0.002974793402777777 0.00019881 0 57988
21.3000 0.0100 74.0000 0.0986 0.0508 177 5.0158 -0.5 -0.9983718202161501 0.05704128853989241 0.009726890625000002 0.002583180625 0 58032
21.2200 -0.1400 92.0000 0.0530 0.0318 92 7.1351 -0.5 -0.029491787527855032 0.9995650226315504 0.002809883402777778 0.0010108866975308641 0 58080
20.4900 -0.1400 54.0000 0.0590 0.0397 160 22.0647 -0.5 -0.9402881270104189 0.3403795502130504 0.0034819834027777783 0.0015774136111111109 0 58292
21.1500 -0.1300 90.0000 0.0021 0.0014 126 4.2151 -0.5 -0.5884910289036667 0.8085037469918761 4.409999999999999e-06 1.913611111111111e-06 0 58718
21.0200 -0.1600 90.0000 0.0030 0.0016 -161 5.8164 -0.5 -0.945404873272641 -0.3258981828613679 8.817600308641974e-06 2.649660493827161e-06 0 58722
20.0400 0.2100 18.0000 0.0199 0.0138 77 5.2277 -0.5 0.22222922625139652 0.9749944466507005 0.0003977808641975309 0.00019174556327160495 0 58856
19.6600 -0.2400 41.0000 0.0589 0.0355 179 10.6909 -0.5 -0.9999522363688097 0.009773688199248991 0.0034639764197530866 0.001260052785493827 0 58875
21.1000 -0.2600 36.0000 0.0292 0.0058 48 5.7458 0.5 0.6731415932371264 0.7395136208713016 0.0008506944444444445 3.367222993827161e-05 0 58881
20.8700 -0.0600 33.0000 0.1589 0.0760 -152 11.9154 -0.5 -0.879731571552886 -0.47547067418831374 0.0252642194521605 0.005774733402777778 0 59293
19.5200 -0.0800 74.0000 0.0040 0.0024 140 2.5432 -0.5 -0.7672770942107037 0.6413157262219435 1.562445216049383e-05 5.773341049382717e-06 0 59435
20.5100 0.1100 15.0000 0.1750 0.1072 162 20.8637 -0.5 -0.9524489939950889 0.3046980699606469 0.030624027785493828 0.011489457901234568 0 59592
20.9800 0.1000 19.0000 0.0300 0.0154 178 10.1728 0.5 -0.9995282456369311 0.030712964265252635 0.0008983341049382717 0.00023664694444444447 0 59684
21.1500 -0.1200 88.0000 0.0025 0.0011 -175 8.6657 -0.5 -0.9955947539477282 -0.09376079090836649 6.125625000000001e-06 1.2531558641975312e-06 0 59770
21.1600 -0.1200 86.0000 0.0014 0.0007 109 8.1241 -0.5 -0.32721789897910375 0.9449489121575309 1.8829938271604943e-06 5.056790123456791e-07 0 59771
21.0400 -0.1100 92.0000 0.0336 0.0222 76 8.0299 -0.5 0.2502110266020935 0.9681913251866733 0.0011270941049382713 0.0004930866975308641 0 59851
19.8900 -0.0300 83.0000 0.0096 0.0066 148 2.6139 -0.5 -0.8523664678797872 0.5229449344186592 9.216000000000001e-05 4.414864197530865e-05 0 60125
19.7900 0.0200 57.0000 0.0255 0.0181 -174 5.0158 0.5 -0.994756502809408 -0.10227169754333944 0.0006511002777777778 0.00032600308641975303 0 60290
20.8300 0.1400 58.0000 0.0651 0.0254 160 7.3941 -0.5 -0.9419988910955072 0.3356159846831417 0.004241989266975308 0.0006465718827160494 0 60338
20.6800 -0.2800 63.0000 0.0254 0.0145 177 5.3454 -0.5 -0.9987193571841861 0.050592940076713395 0.0006433268595679013 0.0002115408641975309 0 60346
19.4000 -0.1700 60.0000 0.0178 0.0100 76 4.5213 -0.5 0.24327644775122925 0.9699569938762973 0.00031614815586419756 9.916840277777777e-05 0 60353
19.3300 -0.2400 61.0000 0.0143 0.0116 97 5.0158 -0.5 -0.13000705503603507 0.9915130688200017 0.00020433114197530866 0.00013404493827160493 0 60484
20.4500 0.0300 77.0000 0.2374 0.0507 -179 13.1634 0.5 -0.9997057387743591 -0.024257696956077834 0.05635480340277778 0.0025716167901234568 0 60612
20.0900 -0.1400 42.0000 0.0227 0.0177 174 9.0425 0.5 -0.9935915982315633 0.1130298010422367 0.0005164256250000001 0.000314372600308642 0 61070
19.5000 -0.2200 40.0000 0.0339 0.0227 59 8.5715 0.5 0.5103928376041532 0.859941365049025 0.0011478920447530862 0.0005142816049382717 0 61120
20.3700 -0.0200 53.0000 0.0349 0.0159 149 9.7019 0.5 -0.8568075274376431 0.5156363650153007 0.0012172345679012343 0.0002538711111111111 0 61280
20.3100 -0.2100 96.0000 0.0225 0.0112 175 3.4380 -0.5 -0.9959474293972129 0.08993729969864378 0.000504251975308642 0.00012519123456790124 0 61299
19.8300 -0.1200 63.0000 0.1895 0.0922 176 15.2357 -0.5 -0.9978245414574415 0.06592559795137787 0.03589446006944444 0.00850084 0 61310
19.9000 0.1100 46.0000 0.0123 0.0075 -169 6.2403 0.5 -0.981359807051079 -0.19217941904550823 0.0001525225 5.658382716049382e-05 0 61343
19.3200 -0.1800 37.0000 0.0569 0.0143 163 4.5684 -0.5 -0.9572185480808849 0.289365946873371 0.0032379261188271603 0.00020544444444444446 0 61476
19.3000 0.2900 19.0000 0.0195 0.0072 175 7.0409 -0.5 -0.9956923941045609 0.09271815530050025 0.0003809002777777778 5.132130401234568e-05 0 61607
19.4400 0.0500 25.0000 0.1681 0.0950 165 7.0645 -0.5 -0.9670459389139431 0.2546019482055277 0.028270685956790116 0.009027639081790126 0 61609
19.2400 0.2800 13.0000 0.0192 0.0071 -142 6.6877 -0.5 -0.7868273168999367 -0.6171732118133827 0.00036682889660493833 5.056790123456791e-05 0 61645
19.1500 -0.2200 99.0000 0.0489 0.0259 136 4.9451 -0.5 -0.7230877166257107 0.6907562189839596 0.0023958305632716054 0.0006719616049382716 0 61793
18.7900 -0.2900 65.0000 0.0073 0.0052 -163 4.5684 -0.5 -0.9554330635407162 -0.2952078269511187 5.260278549382715e-05 2.6838155864197528e-05 0 62117
18.6700 0.0300 78.0000 0.0337 0.0277 -147 8.2419 0.5 -0.8405666034956842 -0.5417082102827399 0.0011334444444444443 0.0007663669444444443 0 62147
18.3300 -0.3000 65.0000 0.1203 0.0273 180 5.2748 0.5 -0.9999853631686855 0.005410494283530715 0.014472758341049382 0.0007460485262345679 0 62233
18.1800 -0.1800 93.0000 0.0302 0.0130 140 4.8274 -0.5 -0.7686185789184652 0.6397073394462182 0.000911369012345679 0.00017015753086419756 0 62472
18.5500 0.0300 34.0000 0.0153 0.0099 148 3.8855 0.5 -0.848048096156426 0.5299192642332049 0.00023349537808641972 9.768027777777776e-05 0 62715
18.6400 -0.2700 42.0000 0.0788 0.0283 135 5.4161 -0.5 -0.7083398377245287 0.7058715706786811 0.006209877785493827 0.0008005755864197531 0 62805
17.8900 -0.4900 39.0000 0.0027 0.0024 86 3.4851 -0.5 0.07532680552793253 0.9971589002606139 7.140771604938271e-06 5.853711419753087e-06 0 62877
18.2100 -0.2900 48.0000 0.1798 0.0636 154 8.1948 -0.5 -0.89694992181103 0.4421321496602427 0.032314057067901227 0.004043900069444445 0 62885
18.9100 -0.4100 24.0000 0.0583 0.0196 169 3.3674 -0.5 -0.9812590476244908 0.19269323147188447 0.0033953281558641983 0.0003835069444444445 0 62971
18.8600 0.0800 -2.0000 0.0063 0.0043 169 5.2512 -0.5 -0.9809551553491915 0.19423435121997193 3.958506944444443e-05 1.856173611111111e-05 0 62987
18.7400 0.2500 17.0000 0.0763 0.0325 -167 6.5935 -0.5 -0.9747222148491592 -0.22342024053238688 0.00582296173611111 0.0010540844444444444 0 63015
18.3100 -0.3900 31.0000 0.0224 0.0178 165 6.1696 -0.5 -0.9678410210318038 0.25156263237634385 0.000500640625 0.000317730625 0 63148
18.6900 0.0100 23.0000 0.0225 0.0209 102 8.3832 0.5 -0.20483772855372515 0.9787959465388842 0.0005070002777777778 0.0004365778086419753 0 63154
18.2400 -0.4500 56.0000 0.0200 0.0107 142 2.0251 -0.5 -0.7922896433551907 0.6101451639012677 0.00039888966049382726 0.00011526408179012346 0 63376
18.8600 -0.0300 62.0000 0.0244 0.0069 180 9.8902 0.5 -0.9999802608561371 0.006283143965559126 0.0005971235262345678 4.8302499999999994e-05 0 63456
18.9100 -0.2800 60.0000 0.2017 0.0630 104 20.4163 -0.5 -0.2439535461370658 0.9697869185172331 0.04069185493827161 0.00397425173611111 0 63606
17.2100 -0.2100 44.0000 0.1604 0.0654 -167 10.7615 -0.5 -0.9750332181174114 -0.2220590542346889 0.025727268896604937 0.004279703711419753 0 63783
17.3000 -0.4100 45.0000 0.0046 0.0020 48 4.5448 0.5 0.6661420485797874 0.7458248930639981 2.103241512345679e-05 3.845956790123456e-06 0 63815
17.3000 -0.3900 55.0000 0.0061 0.0030 135 2.5432 0.5 -0.7022773142887542 0.7119034863205647 3.7379637345679016e-05 9.050069444444444e-06 0 63882
16.9400 0.3400 22.0000 0.1103 0.0775 133 3.6735 -0.5 -0.6822536091093966 0.731115594729864 0.012172218549382715 0.0060040974151234555 0 63972
17.6000 0.2200 21.0000 0.1532 0.0911 -146 6.1696 0.5 -0.8276687330062066 -0.5612169530617377 0.023469388896604933 0.008297185679012348 0 64017
18.0800 0.0700 19.0000 0.0163 0.0080 169 2.3784 0.5 -0.9810567217458128 0.19372069769995873 0.00026433340277777777 6.38667361111111e-05 0 64025
17.9800 0.1000 21.0000 0.0357 0.0317 143 4.0738 0.5 -0.8035453019576486 0.5952436036630645 0.0012723092669753085 0.0010047138966049385 0 64038
16.4100 -0.1800 42.0000 0.0039 0.0023 160 1.5777 -0.5 -0.9416469184137988 0.3366022594127921 1.5275069444444443e-05 5.379822530864197e-06 0 64294
16.4600 -0.2800 45.0000 0.1683 0.0709 -135 5.0158 -0.5 -0.7099395848628234 -0.7042625830219877 0.028331435378086425 0.005031931859567902 0 64896
15.4800 0.2300 47.0000 0.0533 0.0191 132 3.7442 0.5 -0.6654909400129573 0.7464059276028496 0.0028394096373456795 0.0003629025 0 64921
16.8700 0.0900 51.0000 0.0893 0.0350 178 19.3802 0.5 -0.9996245977511435 0.027398240287735284 0.0079779631558642 0.0012283077854938272 0 65090
16.3800 -0.1200 44.0000 0.0034 0.0026 151 1.1774 -0.5 -0.8755488623535493 0.4831295785101607 1.1654637345679011e-05 6.788919753086421e-06 0 65124
16.4400 -0.2100 47.0000 0.0155 0.0080 69 2.1900 -0.5 0.3658515834637511 0.9306732073488878 0.00024076694444444445 6.457908179012344e-05 0 65287
16.4600 0.3400 33.0000 0.0780 0.0414 128 10.4554 -0.5 -0.6178596130903341 0.786288432136619 0.0060913688966049385 0.0017160306249999998 0 65332
16.5800 -0.1000 36.0000 0.0631 0.0189 -157 6.6641 0.5 -0.9201635257593653 -0.391534271631608 0.00398161 0.0003580504938271605 0 65506
15.5300 -0.4200 39.0000 0.0713 0.0333 173 5.3454 -0.5 -0.9916486682069655 0.12896867388382166 0.005082897808641977 0.0011055625000000002 0 65666
15.6100 -0.4600 13.0000 0.0643 0.0221 -174 20.3927 -0.5 -0.9948807088287882 -0.10105629718294638 0.004135561736111111 0.0004877963040123457 0 65764
16.9600 -0.1000 -6.0000 0.0561 0.0091 73 4.9216 -0.5 0.2943739420130837 0.9556903171339959 0.0031472100000000005 8.215408179012349e-05 0 65968
17.2200 -0.1800 -6.0000 0.0104 0.0080 59 4.2387 -0.5 0.5144395337815064 0.8575266561936523 0.0001089124151234568 6.4e-05 0 66003
16.3000 -0.4000 20.0000 0.1356 0.0887 -176 9.5606 0.5 -0.9980376722404478 -0.06261633004950384 0.018376061736111112 0.007872125625000002 0 66032
16.3400 -0.4700 5.0000 0.0201 0.0134 -166 3.8384 -0.5 -0.9699994388528501 -0.2431071546153175 0.0004037866975308643 0.00018067840277777777 0 66447
16.6500 0.1600 15.0000 0.1356 0.0350 -176 4.0974 0.5 -0.9973653640879485 -0.0725419224842709 0.018399415308641972 0.001224805563271605 0 66678
17.0200 -0.0700 97.0000 0.0026 0.0017 -138 3.1084 -0.5 -0.7483771906046598 -0.6632733829897569 6.716736111111111e-06 2.985216049382716e-06 0 67417
17.0800 -0.1200 93.0000 0.0219 0.0125 -179 9.3251 -0.5 -0.9998738758086451 -0.01588182846520417 0.0004798533641975309 0.0001561111419753086 0 67956
16.9900 -0.0700 93.0000 0.0401 0.0196 -149 5.0629 -0.5 -0.8566274841953483 -0.5159354158430571 0.0016051151929012343 0.00038492260030864193 0 67957
17.2300 -0.0900 36.0000 0.0107 0.0057 -175 13.0693 -0.5 -0.9960720346911794 -0.08854660753622258 0.00011520444444444447 3.299864197530864e-05 0 68057
16.6000 -0.0600 57.0000 0.0602 0.0346 177 6.5464 -0.5 -0.9985741811195098 0.053381689758760384 0.003623371141975308 0.0012004300077160495 0 68117
15.5600 -0.0300 70.0000 0.0693 0.0286 177 8.3832 0.5 -0.9985834827727736 0.053207404873736625 0.004808651975308642 0.0008173245679012346 0 69063
16.1700 -0.3000 41.0000 0.0621 0.0307 164 7.7709 -0.5 -0.9590672198898296 0.283178508599776 0.003854685192901234 0.000945391674382716 0 69546
15.3600 -0.4400 56.0000 0.0411 0.0247 -180 5.7929 -0.5 -0.9999978067553793 -0.002094393571219366 0.001687155625 0.000611737777777778 0 69627
15.7500 -0.3200 52.0000 0.1782 0.0722 -158 17.8731 -0.5 -0.9258046250507311 -0.3780023759643254 0.03177009173611111 0.005212438896604939 0 69761
15.2800 -0.0100 68.0000 0.0037 0.0011 -175 1.5071 -0.5 -0.9965655024977614 -0.08280820751220419 1.3690000000000001e-05 1.137777777777778e-06 0 69833
15.2500 -0.4500 19.0000 0.0821 0.0360 170 4.6861 -0.5 -0.9861701362289889 0.16573612282811967 0.006735849660493826 0.001297000192901235 0 69836
15.3000 -0.0200 63.0000 0.0335 0.0121 -146 2.5903 -0.5 -0.8288423269047619 -0.559482258102167 0.0011203896604938272 0.00014742006944444444 0 69837
13.3900 0.1000 24.0000 0.0137 0.0100 -154 2.0722 -0.5 -0.8957117602394127 -0.44463517918492773 0.00018761389660493832 9.922373456790124e-05 0 70467
13.6400 -0.0100 44.0000 0.0417 0.0304 168 6.8054 -0.5 -0.9798550523842469 0.19970998051440705 0.0017407438271604934 0.0009221344444444443 0 70483
14.5200 0.3400 19.0000 0.1428 0.0589 -163 14.4350 -0.5 -0.9570162992883052 -0.2900341409153706 0.02040215463734568 0.003474120069444444 0 70493
13.4900 -0.2000 21.0000 0.0107 0.0032 68 2.2606 -0.5 0.3666636096411368 0.93035358728009 0.00011354086419753085 1.0151304012345681e-05 0 70558
14.7400 -0.1700 40.0000 0.0450 0.0189 -163 3.6735 -0.5 -0.9556903171339959 -0.29437394201308376 0.002026250192901235 0.0003568950694444445 0 70649
13.9200 -0.1800 7.0000 0.0287 0.0144 -174 4.0974 -0.5 -0.9935915982315633 -0.1130298010422367 0.0008214592901234569 0.0002061617361111111 0 70699
13.8900 0.2400 47.0000 0.0844 0.0507 121 4.7332 -0.5 -0.5208606511884475 0.8536417176096459 0.007129925956790125 0.0025713350694444447 0 70825
15.0300 -0.1100 48.0000 0.0480 0.0282 -170 4.6625 -0.5 -0.984686283732773 -0.17433566080564467 0.002302933456790123 0.0007944568595679011 0 70948
14.0500 -0.4300 19.0000 0.1268 0.0456 -177 6.0048 -0.5 -0.9985272165842549 -0.054253089686214305 0.016076831141975306 0.0020778402777777774 0 71144
13.9800 -0.1500 17.0000 0.0842 0.0263 180 3.4380 -0.5 -1.0 1.2246467991473532e-16 0.007086365933641977 0.0006932981558641977 0 71167
14.6100 -0.0600 38.0000 0.0561 0.0420 128 5.7458 -0.5 -0.611665125428736 0.7911167893138463 0.0031478333641975307 0.0017602686419753084 0 71532
13.3900 0.0300 14.0000 0.0191 0.0154 126 5.5338 0.5 -0.5914503904925009 0.8063413889825253 0.0003658718827160494 0.00023613444444444448 0 71622
13.4800 -0.0900 32.0000 0.0167 0.0117 89 3.5793 -0.5 0.015183781002100513 0.9998847197524724 0.00028028340277777786 0.00013773630401234566 0 71699
15.0500 0.0400 31.0000 0.0450 0.0377 97 5.2512 -0.5 -0.11337662304520982 0.9935520828556822 0.0020247500077160497 0.0014242237345679014 0 71790
13.8900 -0.0200 27.0000 0.0150 0.0084 177 5.7458 0.5 -0.9983317545904524 0.057738269599535035 0.0002263353086419753 7.102743827160493e-05 0 71896
13.7300 -0.1000 46.0000 0.0337 0.0205 177 9.4193 -0.5 -0.9981560475719538 0.060700121050418804 0.001135128402777778 0.00041865706790123456 0 72308
14.1000 0.0700 11.0000 0.0612 0.0350 -161 8.5244 0.5 -0.9453479789104183 -0.32606318217484664 0.00374578000771605 0.0012283077854938272 0 72311
14.1100 -0.3800 37.0000 0.0177 0.0131 133 3.6500 -0.5 -0.6865800985957728 0.7270541714426917 0.00031319167438271606 0.00017153722993827158 0 72378
14.2300 -0.1600 39.0000 0.1868 0.0555 177 6.3580 -0.5 -0.9981876932544915 0.06017747946929338 0.03489631558641976 0.003075626736111111 0 72525
14.6700 -0.3100 59.0000 0.1553 0.0714 -162 5.0629 -0.5 -0.9528205419959803 -0.3035342068869443 0.024124129822530857 0.005091615308641976 0 72909
13.8400 -0.2600 17.0000 0.0116 0.0092 117 7.2057 -0.5 -0.4606645807280352 0.8875743034037564 0.000133980625 8.458889660493825e-05 0 73165
13.7900 0.1700 33.0000 0.0488 0.0253 -153 7.8651 -0.5 -0.8926644978329499 -0.45072174820907795 0.0023827957484567897 0.0006407929706790124 0 73392
13.7500 -0.1600 24.0000 0.0037 0.0019 81 2.5903 -0.5 0.1643590084510375 0.9864005861418533 1.3505625000000002e-05 3.8024999999999996e-06 0 73485
14.6600 -0.4100 20.0000 0.1207 0.0715 -150 7.1822 -0.5 -0.8699256439656695 -0.493182901133966 0.014576537777777777 0.005107087415123456 0 74066
14.4900 -0.1900 49.0000 0.0026 0.0012 151 1.4835 -0.5 -0.8757174530458133 0.48282392487422765 6.76e-06 1.5142669753086419e-06 0 74101
14.1400 -0.0300 46.0000 0.0372 0.0224 70 2.8964 -0.5 0.344642923174517 0.9387338576538741 0.0013809481790123456 0.0005015111419753087 0 74384
13.6700 -0.0500 55.0000 0.0033 0.0022 -152 2.7316 -0.5 -0.8813034520649924 -0.47255076486905373 1.0652970679012347e-05 4.754822530864196e-06 0 74648
14.5100 -0.0500 63.0000 0.2266 0.0309 175 10.0786 0.5 -0.9963601890810808 0.085243026778223 0.051362667777777773 0.0009572148456790122 0 74969
14.9200 -0.0100 26.0000 0.0782 0.0573 -157 5.6987 -0.5 -0.9207093136027442 -0.39024909973651906 0.00611263361111111 0.0032836083410493827 0 74998
14.4700 0.0100 25.0000 0.0149 0.0138 167 6.6406 0.5 -0.9755728994885607 0.2196759381076649 0.00022201 0.00018975062500000003 0 75002
13.4700 -0.2100 20.0000 0.0089 0.0023 -155 1.4835 -0.5 -0.9034101424078913 -0.42877746511979103 7.847006944444443e-05 5.315586419753088e-06 0 75066
12.6300 -0.0200 26.0000 0.0054 0.0022 51 3.5558 0.5 0.623606756597699 0.7817381998634185 2.931019290123456e-05 4.694444444444444e-06 0 75118
12.7800 -0.2000 35.0000 0.1613 0.0680 172 6.6406 -0.5 -0.9892468215973416 0.14625568693065402 0.026019482253086423 0.004619467777777779 0 75133
13.4400 -0.0300 14.0000 0.2038 0.0929 90 9.6783 -0.5 0.005585024570828246 0.9999844036286483 0.041516326419753086 0.008633506944444444 0 75161
13.6800 -0.2700 15.0000 0.0846 0.0505 112 10.2435 -0.5 -0.37120577854743025 0.9285506286536002 0.007154340277777777 0.002547164822530864 0 75162
13.2700 -0.0400 12.0000 0.0410 0.0236 130 7.7474 0.5 -0.6441236297613864 0.7649214009184319 0.0016787229938271604 0.0005591911188271605 0 75169
13.3400 0.1600 18.0000 0.0055 0.0036 79 2.8022 -0.5 0.19252196652590742 0.9812926639922451 3.0250000000000007e-05 1.3100378086419752e-05 0 75190
12.8200 0.4100 18.0000 0.1292 0.0662 177 3.2497 -0.5 -0.9985177324254199 0.05442736473500939 0.016690486736111107 0.004386118549382716 0 75208
12.3300 0.4400 18.0000 0.0925 0.0368 160 3.0848 -0.5 -0.9424665810221279 0.334300379384261 0.008563960069444444 0.0013554669444444444 0 75210
13.3000 0.1300 53.0000 0.0083 0.0071 76 1.9310 -0.5 0.2402280424772638 0.9707164815781908 6.842966049382717e-05 5.048891975308641e-05 0 75286
13.3000 -0.3300 38.0000 0.0712 0.0474 114 5.7458 -0.5 -0.4005089619261528 0.916292841517839 0.005065485216049385 0.0022462333641975313 0 75322
12.5700 -0.3800 40.0000 0.0326 0.0254 153 1.7661 -0.5 -0.8948564717622511 0.44635400182502616 0.0010625788966049383 0.0006472784027777779 0 75367
13.1100 -0.0700 51.0000 0.1236 0.0647 145 9.1838 0.5 -0.8149255387971922 0.5795656703222734 0.015278333364197533 0.004188966049382716 0 75375
13.2300 -0.0700 41.0000 0.0026 0.0016 111 1.9310 -0.5 -0.35624880212218996 0.9343911338334203 6.644938271604938e-06 2.4197530864197527e-06 0 75377
13.3200 -0.2900 43.0000 0.0027 0.0015 114 1.5777 -0.5 -0.4127865160967328 0.9108278059703282 7.335069444444445e-06 2.376736111111111e-06 0 75380
12.2100 -0.2300 50.0000 0.0746 0.0345 136 9.2309 -0.5 -0.7150829789516674 0.6990395791467099 0.005557702500000001 0.001191975625 0 75384
11.9800 -0.3400 46.0000 0.0290 0.0123 141 5.2748 0.5 -0.7750547868235458 0.6318940397107002 0.0008400336111111111 0.00015115336419753087 0 75746
12.3900 -0.4700 45.0000 0.0228 0.0112 172 3.6264 -0.5 -0.9907951537823761 0.13536972793559723 0.0005189537114197531 0.00012600062499999997 0 75808
12.7000 -0.1000 55.0000 0.0456 0.0303 81 8.2654 -0.5 0.15402062255210452 0.9880676332259154 0.002082147600308642 0.0009157348456790122 0 76542
11.7500 -0.1300 59.0000 0.0584 0.0322 93 5.0393 -0.5 -0.049721373868657805 0.9987631275635946 0.003413805216049383 0.0010398833410493829 0 76550
12.6100 0.1100 56.0000 0.0137 0.0080 156 5.8635 0.5 -0.9108998369353987 0.4126275403691131 0.00018723361111111107 6.33792901234568e-05 0 76641
12.2200 0.0100 47.0000 0.0841 0.0470 174 5.5574 -0.5 -0.9953626812457439 0.09619320549437793 0.007077015625000001 0.0022108281558641976 0 76716
13.1600 -0.0900 42.0000 0.0037 0.0019 161 1.6248 -0.5 -0.9441465478859227 0.3295258656237704 1.3607901234567899e-05 3.620563271604938e-06 0 76751
12.3700 -0.1800 44.0000 0.0142 0.0111 164 3.8855 -0.5 -0.961501868856515 0.27479839189018024 0.0002003797530864198 0.00012370382716049384 0 76819
12.2600 -0.4500 47.0000 0.0291 0.0196 116 3.8619 -0.5 -0.43082613227350014 0.9024349526421594 0.000849236736111111 0.0003829631558641975 0 76834
13.0800 -0.3100 43.0000 0.0033 0.0019 57 1.5071 -0.5 0.541268016402262 0.8408501260153087 1.116673611111111e-05 3.432785493827161e-06 0 76884
12.6000 -0.0700 21.0000 0.0075 0.0040 87 2.3077 -0.5 0.05146446775604402 0.9986748262365419 5.6918641975308646e-05 1.617827160493827e-05 0 77285
12.6000 -0.0900 26.0000 0.0081 0.0035 108 2.8022 -0.5 -0.3131638064837494 0.949699126201877 6.619630401234568e-05 1.24648225308642e-05 0 77544
12.2000 -0.1100 25.0000 0.0317 0.0225 122 6.7112 -0.5 -0.5331716207371886 0.8460071056678422 0.001007004444444444 0.000507375625 0 77657
12.5800 -0.0800 22.0000 0.0026 0.0021 98 3.3909 -0.5 -0.14003721977104122 0.9901462402487812 6.963734567901235e-06 4.328711419753087e-06 0 77817
13.0800 -0.3100 37.0000 0.0374 0.0172 170 3.2026 -0.5 -0.9838850379335417 0.17880221511634964 0.0014020864197530865 0.00029660493827160495 0 78130
11.9000 -0.1000 31.0000 0.0032 0.0018 177 1.7426 -0.5 -0.9984890974505379 0.054950179912446 1.0329081790123457e-05 3.2100694444444446e-06 0 78141
12.4600 0.1000 32.0000 0.0309 0.0240 -179 2.9906 0.5 -0.9997426093226983 -0.0226873335727814 0.0009546383410493827 0.0005762666975308641 0 78397
12.9400 0.4300 32.0000 0.0614 0.0308 52 3.9325 -0.5 0.6102834352365833 0.7921831408682181 0.003769618896604938 0.0009503518827160496 0 78512
12.3000 0.4400 32.0000 0.0475 0.0258 -146 4.2387 -0.5 -0.830887364717155 -0.5564406411769197 0.002254403155864198 0.0006644938271604938 0 78663
12.2000 0.1400 38.0000 0.0509 0.0210 128 7.0174 -0.5 -0.6109745129744945 0.7916502665290901 0.0025956194521604935 0.00044181704475308644 0 78679
12.3100 0.2600 31.0000 0.0291 0.0217 145 2.9200 -0.5 -0.8190519238398393 0.5737193966167242 0.000844386736111111 0.0004716136111111112 0 78815
12.9700 -0.3700 15.0000 0.0035 0.0010 119 3.4145 -0.5 -0.48770729806536134 0.8730072115474103 1.1998526234567904e-05 9.669444444444442e-07 0 79457
12.9800 -0.3600 14.0000 0.0023 0.0014 -160 6.3109 -0.5 -0.9418816816289317 -0.33594478387356425 5.100069444444445e-06 1.9912345679012344e-06 0 79524
11.6200 -0.0600 6.0000 0.0283 0.0114 174 8.7364 -0.5 -0.9938067686136166 0.11112203497849338 0.0008021482716049382 0.00012926426697530864 0 79707
12.3000 -0.4300 0.0000 0.0410 0.0266 -161 4.5919 -0.5 -0.9463676698216952 -0.32309167973851477 0.001683506489197531 0.0007085948225308643 0 79989
12.1500 -0.1400 1.0000 0.0132 0.0077 143 4.8038 -0.5 -0.8037530322133573 0.5949630771802851 0.00017350743827160495 5.88629938271605e-05 0 80039
13.0100 -0.1200 12.0000 0.0243 0.0136 171 7.3706 -0.5 -0.9871362650729879 0.15988118769183476 0.0005898151929012346 0.00018541361111111115 0 80113
12.6600 -0.2900 11.0000 0.0731 0.0376 -151 6.1932 -0.5 -0.8726665149030236 -0.48831665317395323 0.005336302500000001 0.0014110457484567897 0 80328
11.7600 -0.0300 6.0000 0.0217 0.0064 82 4.9216 -0.5 0.1462556869306542 0.9892468215973416 0.00046920373456790137 4.156667438271605e-05 0 80344
12.9700 -0.3600 11.0000 0.0050 0.0021 126 7.7709 -0.5 -0.5941210629020384 0.8043756352700846 2.5418402777777778e-05 4.5156250000000005e-06 0 80396
12.9600 -0.3500 8.0000 0.0061 0.0034 131 8.6422 -0.5 -0.6531563230639635 0.7572230963471488 3.7651859567901234e-05 1.1825956790123456e-05 0 80399
12.9800 -0.3600 14.0000 0.0055 0.0022 -138 4.4977 -0.5 -0.7466381822853916 -0.6652303546543605 3.012790123456791e-05 4.987777777777777e-06 0 80480
12.9000 -0.0100 56.0000 0.0069 0.0041 -172 1.6955 0.5 -0.9913305782833557 -0.1313913412686984 4.696056327160494e-05 1.717641975308642e-05 0 80672
11.6000 -0.0400 93.0000 0.0576 0.0226 121 4.6625 -0.5 -0.5118929402890338 0.8590492521865366 0.0033177600000000008 0.000509881489197531 0 80696
12.3000 -0.0800 65.0000 0.0362 0.0330 174 5.1571 -0.5 -0.9938067686136166 0.11112203497849338 0.0013134584027777777 0.001088083526234568 0 81102
11.5100 -0.3300 53.0000 0.0027 0.0023 169 1.4364 -0.5 -0.9802366619777096 0.19782842696335967 7.4104938271604935e-06 5.354081790123456e-06 0 81161
13.1000 -0.2100 55.0000 0.0112 0.0080 158 3.2026 -0.5 -0.9238795325112867 0.38268343236508984 0.00012544 6.42224151234568e-05 0 81231
12.9700 0.0600 19.0000 0.0080 0.0072 88 4.1445 0.5 0.03402735050216761 0.9994209020316729 6.368926697530863e-05 5.2120378086419746e-05 0 81385
12.4000 0.2400 19.0000 0.0319 0.0237 154 3.6500 -0.5 -0.898640971147466 0.4386848583837139 0.0010204475308641973 0.0005634029706790123 0 81456
11.5300 0.2000 21.0000 0.0142 0.0058 57 2.8729 0.5 0.551500288078258 0.8341747012764164 0.0002029041975308642 3.39629938271605e-05 0 81992
11.8500 -0.1900 45.0000 0.1750 0.0765 162 16.3189 -0.5 -0.9501898709124007 0.3116716368479418 0.030634722993827163 0.005854800277777778 0 82207
11.4900 0.2200 31.0000 0.1447 0.0598 -154 5.3219 -0.5 -0.8967182990174389 -0.44260173091309857 0.020943717600308644 0.0035806926234567896 0 82236
11.8600 -0.1300 9.0000 0.1419 0.1049 -178 16.5308 -0.5 -0.9996527410105678 -0.026351421025414476 0.020128515625 0.011005758402777779 0 82293
11.1100 -0.1100 34.0000 0.0024 0.0017 -150 2.5668 -0.5 -0.8663742585613519 -0.4993952784140714 5.74667438271605e-06 2.8711419753086417e-06 0 82532
10.4400 0.0100 67.0000 0.0906 0.0519 -170 15.9421 0.5 -0.9839785236813414 -0.17828702962887655 0.00821138027777778 0.0026887105632716047 0 82671
11.0900 -0.3500 33.0000 0.1281 0.0894 89 9.4428 -0.5 0.014660240529660702 0.9998925328992174 0.01640818669753086 0.007993850069444445 0 83048
10.7100 -0.3600 -2.0000 0.2010 0.0603 -180 6.0754 -0.5 -0.9999780067029094 -0.006632202535817286 0.04039541685956789 0.0036374301234567905 0 84069
10.3400 -0.1800 12.0000 0.0929 0.0670 109 10.9970 -0.5 -0.3295258656237703 0.9441465478859227 0.00862782963734568 0.00449421262345679 0 84131
10.9000 0.0600 21.0000 0.0036 0.0027 89 2.2606 -0.5 0.02513009544333753 0.9996841892832999 1.322130401234568e-05 7.275007716049384e-06 0 84385
10.3100 -0.2400 33.0000 0.0371 0.0263 87 11.4209 -0.5 0.051115861350236796 0.9986927298816305 0.0013774407484567902 0.0006937370679012345 0 84647
10.7100 -0.0600 31.0000 0.1557 0.0682 83 12.0331 -0.5 0.12706460860135038 0.9918944425900297 0.024252871111111112 0.004658062499999999 0 84734
10.8800 0.1200 20.0000 0.0132 0.0089 132 5.7222 0.5 -0.6634039893470911 0.7482614161630712 0.00017409336419753086 7.832250000000001e-05 0 84987
10.9800 0.0100 23.0000 0.0542 0.0342 57 10.8557 -0.5 0.5405340302350872 0.8413221512344804 0.0029406518827160494 0.0011728722299382715 0 84999
11.1700 -0.0700 23.0000 0.0179 0.0093 141 10.2906 0.5 -0.776046407066546 0.6306758074312862 0.000321206049382716 8.705926697530868e-05 0 85012
