lonMin lonMax latMin latMax velMin velMax KDA pFar
7.987 7.999 -0.274 -0.262 36.4 42.2 F 1.0
8.183 8.191 0.478 0.486 9.2 15.0 N 0.0
8.202 8.212 0.185 0.195 15.9 21.7 N 0.0
8.242 8.256 0.173 0.187 17.4 21.0 N 0.0
8.256 8.27 0.161 0.175 15.6 21.4 N 0.0
8.278 8.284 0.161 0.167 17.3 20.5 N 0.0
8.541 8.549 -0.346 -0.338 36.15 38.05 N 0.0
8.549 8.553 -0.298 -0.294 32.8 38.6 F 1.0
8.575 8.583 -0.348 -0.34 32.5 38.3 N 0.0
8.666 8.672 -0.409 -0.403 35.9 39.5 F 1.0
8.688 8.698 -0.407 -0.397 35.6 41.4 F 1.0
8.7 8.714 -0.421 -0.407 37.05 40.75 F 1.0
8.708 8.714 -0.371 -0.365 34.4 40.2 F 1.0
8.769 8.777 -0.464 -0.456 36.0 41.8 N 0.0
8.774 8.78 -0.357 -0.351 35.1 40.9 N 0.0
8.799 8.807 -0.332 -0.324 35.25 39.55 N 0.0
8.933 8.937 -0.314 -0.31 34.5 40.3 N 0.0
8.997 9.005 -0.312 -0.304 36.9 39.5 N 0.0
9.025 9.033 -0.314 -0.306 34.8 40.6 N 0.0
9.036 9.042 -0.525 -0.519 34.95 38.65 N 0.0
9.144 9.15 0.049 0.055 28.2 34.0 N 0.0
9.146 9.152 0.047 0.053 28.2 34.0 N 0.0
9.228 9.234 -0.181 -0.175 39.15 43.65 N 0.0
9.276 9.29 -0.155 -0.141 38.6 44.4 N 0.0
9.617 9.625 0.19 0.198 1.6 7.4 N 0.0
9.846 9.856 -0.035 -0.025 14.6 20.4 N 0.0
9.95 9.96 -0.371 -0.361 10.0 15.8 F 1.0
9.975 9.983 -0.388 -0.38 9.4 15.2 F 1.0
9.986 9.996 -0.369 -0.359 9.8 12.8 F 1.0
10.401 10.409 -0.206 -0.198 8.3 14.1 N 0.0
10.572 10.58 -0.353 -0.345 -5.5 0.3 N 0.0
10.596 10.604 -0.373 -0.365 -6.2 -0.4 N 0.0
10.611 10.625 -0.446 -0.432 -3.7 0.7 N 0.0
10.616 10.628 -0.389 -0.377 -6.2 -0.4 N 0.0
10.618 10.634 -0.345 -0.329 -5.9 -2.3 N 0.0
10.641 10.655 -0.132 -0.118 26.6 31.2 N 0.0
10.644 10.652 0.095 0.103 17.25 20.95 N 0.0
10.653 10.667 0.074 0.088 17.7 21.1 N 0.0
10.662 10.67 -0.167 -0.159 28.25 30.75 N 0.0
10.678 10.686 -0.129 -0.121 29.55 33.05 N 0.0
10.679 10.689 -0.314 -0.304 -2.95 -0.45 N 0.0
10.688 10.692 -0.407 -0.403 23.0 28.8 N 0.0
10.719 10.729 -0.338 -0.328 -4.6 1.2 N 0.0
10.734 10.75 -0.239 -0.223 26.7 32.5 N 0.0
10.745 10.759 -0.206 -0.192 28.7 34.5 N 0.0
10.969 10.979 -0.1 -0.09 27.3 33.1 N 0.0
10.983 10.997 -0.09 -0.076 27.0 32.8 N 0.0
11.048 11.056 -0.043 -0.035 27.5 33.3 N 0.0
11.053 11.071 -0.106 -0.088 26.85 31.75 N 0.0
11.078 11.086 -0.539 -0.531 26.9 32.7 N 0.0
11.098 11.118 -0.127 -0.107 26.1 31.9 N 0.0
11.191 11.209 -0.102 -0.084 30.5 32.9 N 0.0
11.207 11.217 -0.108 -0.098 28.8 34.6 N 0.0
11.222 11.23 -0.063 -0.055 28.9 34.7 N 0.0
11.278 11.286 -0.455 -0.447 29.4 35.2 N 0.0
11.294 11.31 -0.067 -0.051 28.7 34.5 N 0.0
11.327 11.333 -0.538 -0.532 32.7 38.5 N 0.0
11.511 11.521 -0.326 -0.316 46.3 50.3 N 0.0
11.533 11.543 0.256 0.266 28.7 31.3 N 0.0
11.543 11.549 0.262 0.268 27.1 32.9 N 0.0
11.595 11.601 0.252 0.258 27.85 31.35 N 0.0
11.968 11.976 -0.131 -0.123 40.8 45.6 F 1.0
11.983 11.989 -0.132 -0.126 40.3 46.1 F 1.0
11.983 11.989 -0.35 -0.344 42.9 52.7 N 0.0
12.022 12.03 -0.035 -0.027 108.4 114.2 F 1.0
12.214 12.226 0.133 0.145 36.8 42.6 N 0.0
12.277 12.283 -0.418 -0.412 45.85 47.75 N 0.0
12.369 12.379 0.502 0.512 17.25 19.95 N 0.0
12.379 12.385 0.516 0.522 15.6 21.4 N 0.0
12.395 12.401 -0.148 -0.142 29.6 35.4 N 0.0
12.398 12.406 -0.471 -0.463 43.3 49.1 N 0.0
12.412 12.42 0.501 0.509 14.5 20.3 N 0.0
12.407 12.425 -0.154 -0.136 30.5 36.3 N 0.0
12.457 12.467 -0.152 -0.142 31.5 37.3 N 0.0
12.492 12.5 -0.227 -0.219 33.2 38.0 N 0.0
12.496 12.504 -0.183 -0.175 32.6 38.4 N 0.0
12.55 12.558 -0.349 -0.341 32.8 38.6 N 0.0
12.616 12.624 0.509 0.517 16.2 22.0 N 0.0
12.671 12.677 -0.102 -0.096 52.1 57.9 N 0.0
12.673 12.687 -0.188 -0.174 54.7 60.5 N 0.0
12.696 12.708 -0.151 -0.139 31.8 37.6 N 0.0
12.697 12.711 0.468 0.482 17.5 20.5 N 0.0
12.707 12.717 -0.124 -0.114 54.45 57.35 N 0.0
12.713 12.727 -0.224 -0.21 32.9 35.9 N 0.0
12.732 12.74 -0.107 -0.099 54.45 57.15 N 0.0
12.739 12.749 -0.238 -0.228 34.95 37.25 N 0.0
12.753 12.759 0.554 0.56 18.0 19.6 N 0.0
12.781 12.787 -0.274 -0.268 32.8 38.6 N 0.0
12.784 12.792 0.461 0.469 17.0 22.8 N 0.0
12.795 12.805 -0.502 -0.492 37.2 39.6 N 0.0
12.8 12.804 0.459 0.463 17.0 22.8 N 0.0
12.797 12.811 -0.326 -0.312 12.35 16.05 N 0.0
12.799 12.813 -0.206 -0.192 32.3 37.1 N 0.0
12.805 12.815 -0.272 -0.262 33.75 36.85 N 0.0
12.822 12.826 0.375 0.379 16.7 22.5 N 0.0
12.834 12.838 -0.379 -0.375 35.0 40.8 N 0.0
12.834 12.838 0.551 0.555 30.5 36.3 N 0.0
12.836 12.84 -0.287 -0.283 31.35 34.65 N 0.0
12.835 12.841 0.39 0.396 16.6 22.4 N 0.0
12.838 12.85 -0.359 -0.347 35.0 40.8 N 0.0
12.848 12.856 -0.231 -0.223 34.1 39.9 N 0.0
12.849 12.855 -0.322 -0.316 34.2 40.0 N 0.0
12.853 12.859 0.522 0.528 16.55 19.45 N 0.0
12.855 12.861 -0.276 -0.27 33.4 39.2 N 0.0
12.856 12.864 -0.249 -0.241 33.4 39.2 N 0.0
12.881 12.895 0.482 0.496 29.2 35.0 N 0.0
12.886 12.898 -0.287 -0.275 29.9 35.7 N 0.0
12.895 12.909 -0.254 -0.24 34.2 40.0 N 0.0
12.901 12.915 -0.266 -0.252 36.15 38.65 N 0.0
12.906 12.922 0.447 0.463 31.5 33.3 N 0.0
12.91 12.918 0.489 0.497 31.2 37.0 N 0.0
12.912 12.92 -0.337 -0.329 35.0 38.4 N 0.0
12.926 12.934 -0.079 -0.071 28.15 33.05 N 0.0
12.933 12.939 0.354 0.36 29.5 35.3 N 0.0
12.939 12.945 0.346 0.352 29.5 35.3 N 0.0
12.941 12.951 -0.252 -0.242 32.45 35.55 N 0.0
12.94 12.952 -0.125 -0.113 33.3 39.1 N 0.0
12.946 12.962 -0.239 -0.223 32.6 35.0 N 0.0
12.964 12.968 -0.355 -0.351 10.1 15.9 N 0.0
12.962 12.974 -0.173 -0.161 32.2 38.0 N 0.0
12.973 12.983 -0.19 -0.18 31.1 36.9 N 0.0
12.981 12.991 0.348 0.358 27.7 33.5 N 0.0
12.994 13.002 -0.361 -0.353 12.2 18.0 N 0.0
13.005 13.019 -0.188 -0.174 31.3 37.1 N 0.0
13.032 13.04 -0.323 -0.315 35.1 40.9 N 0.0
13.033 13.039 -0.338 -0.332 35.0 40.8 N 0.0
13.044 13.052 -0.193 -0.185 34.0 37.6 N 0.0
13.054 13.058 -0.353 -0.349 37.4 43.2 N 0.0
13.061 13.071 -0.176 -0.166 33.4 39.2 N 0.0
13.073 13.079 -0.3 -0.294 35.8 41.6 N 0.0
13.073 13.083 -0.32 -0.31 36.55 40.25 N 0.0
13.086 13.094 -0.223 -0.215 52.4 58.2 N 0.0
13.091 13.101 -0.152 -0.142 40.8 46.6 F 1.0
13.093 13.099 -0.314 -0.308 36.25 40.95 N 0.0
13.106 13.11 -0.217 -0.213 53.65 56.95 N 0.0
13.115 13.125 -0.098 -0.088 33.2 39.0 N 0.0
13.151 13.165 -0.474 -0.46 37.7 43.5 N 0.0
13.173 13.183 -0.338 -0.328 35.7 41.5 N 0.0
13.231 13.237 -0.334 -0.328 37.8 43.6 N 0.0
13.237 13.247 -0.09 -0.08 34.4 40.2 N 0.0
13.241 13.247 0.156 0.162 51.7 55.3 N 0.0
13.252 13.264 -0.415 -0.403 35.0 40.8 N 0.0
13.267 13.281 -0.342 -0.328 39.55 43.65 N 0.0
13.274 13.278 0.253 0.257 15.4 21.2 N 0.0
13.275 13.281 0.092 0.098 51.3 54.3 N 0.0
13.279 13.285 0.224 0.23 13.5 20.3 N 0.0
13.288 13.3 0.145 0.157 51.2 57.0 N 0.0
13.294 13.302 -0.405 -0.397 34.3 40.1 N 0.0
13.308 13.324 -0.319 -0.303 37.2 43.0 N 0.0
13.332 13.344 0.151 0.163 17.8 20.0 N 0.0
13.339 13.349 0.194 0.204 14.8 20.6 N 0.0
13.344 13.352 -0.271 -0.263 36.0 41.8 N 0.0
13.363 13.369 0.164 0.17 16.3 21.1 N 0.0
13.377 13.383 -0.252 -0.246 38.1 41.1 N 0.0
13.385 13.387 -0.25 -0.248 36.75 42.45 N 0.0
13.399 13.409 -0.272 -0.262 18.05 19.75 N 0.0
13.404 13.412 0.113 0.121 22.2 28.0 N 0.0
13.407 13.417 -0.43 -0.42 35.8 41.6 N 0.0
13.465 13.473 0.172 0.18 14.7 20.5 N 0.0
13.79 13.8 -0.487 -0.477 20.7 26.5 N 0.0
13.795 13.799 0.252 0.256 48.45 50.55 N 0.0
13.834 13.844 -0.489 -0.479 21.25 25.75 N 0.0
13.842 13.852 0.195 0.205 39.6 53.2 N 0.0
13.849 13.857 0.182 0.19 43.2 49.0 N 0.0
13.867 13.875 -0.306 -0.298 36.9 42.7 N 0.0
13.87 13.88 0.275 0.285 44.7 50.5 N 0.0
13.896 13.902 -0.487 -0.481 19.8 25.6 N 0.0
13.9 13.91 -0.519 -0.509 19.8 25.6 N 0.0
13.903 13.911 -0.296 -0.288 37.65 41.75 N 0.0
13.917 13.925 -0.454 -0.446 19.9 25.7 N 0.0
13.919 13.923 -0.454 -0.45 19.9 25.7 N 0.0
13.921 13.929 0.2 0.208 45.65 50.55 N 0.0
13.925 13.929 0.214 0.218 46.3 50.1 N 0.0
13.947 13.959 -0.414 -0.402 17.4 23.2 N 0.0
13.95 13.96 -0.455 -0.445 21.25 24.35 N 0.0
13.972 13.978 -0.397 -0.391 17.6 23.4 N 0.0
13.978 13.988 -0.443 -0.433 19.6 25.4 N 0.0
13.985 13.993 -0.39 -0.382 19.45 23.35 N 0.0
13.996 14.002 -0.417 -0.411 18.3 24.1 N 0.0
14.003 14.011 -0.458 -0.45 18.1 23.9 N 0.0
14.021 14.033 -0.52 -0.508 17.1 22.9 N 0.0
14.089 14.101 -0.564 -0.552 21.15 23.65 N 0.0
14.109 14.121 -0.582 -0.57 19.3 25.1 N 0.0
14.13 14.136 -0.525 -0.519 18.7 24.5 N 0.0
14.138 14.144 -0.523 -0.517 18.7 24.5 N 0.0
14.179 14.187 -0.534 -0.526 18.3 24.1 N 0.0
14.184 14.194 -0.231 -0.221 37.0 42.8 N 0.0
14.224 14.23 -0.221 -0.215 38.9 41.1 N 0.0
14.216 14.238 -0.523 -0.501 17.1 22.9 N 0.0
14.23 14.24 -0.181 -0.171 35.35 39.65 N 0.0
14.282 14.288 -0.513 -0.507 18.35 21.25 N 0.0
14.304 14.31 -0.497 -0.491 16.0 21.8 N 0.0
14.309 14.317 -0.194 -0.186 35.9 41.7 F 1.0
14.325 14.333 -0.538 -0.53 17.0 22.8 N 0.0
14.449 14.461 -0.618 -0.606 18.35 20.85 N 0.0
14.453 14.461 -0.188 -0.18 36.6 42.4 N 0.0
14.483 14.491 -0.196 -0.188 40.4 46.2 N 0.0
14.487 14.499 -0.146 -0.134 38.4 44.2 N 0.0
14.497 14.505 -0.276 -0.268 57.4 63.2 N 0.0
14.549 14.557 -0.618 -0.61 16.1 21.9 N 0.0
14.568 14.574 -0.785 -0.779 18.35 22.05 N 0.0
14.586 14.592 -0.411 -0.405 23.7 24.1 N 0.0
14.598 14.604 -0.139 -0.133 37.7 43.5 N 0.0
14.597 14.609 -0.55 -0.538 16.65 19.55 N 0.0
14.613 14.621 -0.61 -0.602 16.3 22.1 N 0.0
14.625 14.629 -0.136 -0.132 38.05 41.35 N 0.0
14.627 14.639 -0.584 -0.572 16.45 20.75 N 0.0
14.643 14.647 0.628 0.632 24.8 30.6 N 0.0
14.644 14.654 -0.123 -0.113 37.1 42.9 N 0.0
14.648 14.658 -0.009 0.001 37.35 40.05 N 0.0
14.681 14.693 -0.23 -0.218 35.85 38.95 N 0.0
14.685 14.693 -0.42 -0.412 58.1 61.5 N 0.0
14.706 14.716 -0.159 -0.149 39.6 42.4 N 0.0
14.722 14.732 -0.209 -0.199 35.0 40.8 N 0.0
14.767 14.775 -0.36 -0.352 30.2 36.0 N 0.0
14.772 14.782 -0.465 -0.455 20.15 25.45 N 0.0
14.775 14.783 -0.492 -0.484 20.15 23.25 N 0.0
14.776 14.782 -0.339 -0.333 30.3 36.1 N 0.0
14.783 14.791 -0.198 -0.19 36.3 42.1 N 0.0
14.818 14.824 -0.513 -0.507 20.5 23.9 N 0.0
14.819 14.827 -0.52 -0.512 19.3 25.1 N 0.0
14.849 14.853 -0.014 -0.01 22.9 28.7 N 0.0
14.848 14.854 -0.995 -0.989 20.1 25.9 N 0.0
14.888 14.894 -0.407 -0.401 59.0 64.8 N 0.0
14.913 14.921 -0.074 -0.066 24.55 31.05 N 0.0
14.926 14.932 -0.185 -0.179 37.8 43.6 N 0.0
14.963 14.967 -0.138 -0.134 28.8 34.6 N 0.0
14.972 14.998 -0.707 -0.681 17.65 20.35 N 0.0
14.986 14.996 -0.017 -0.007 23.8 25.6 N 0.0
14.988 14.998 -0.745 -0.735 19.0 23.2 N 0.0
15.004 15.01 0.003 0.009 21.6 27.4 F 1.0
15.006 15.024 -0.685 -0.667 18.9 24.7 N 0.0
15.021 15.041 -0.684 -0.664 18.2 21.0 N 0.0
15.028 15.034 0.849 0.855 41.3 47.1 N 0.0
15.044 15.054 -0.665 -0.655 16.9 22.7 N 0.0
15.055 15.063 -0.63 -0.622 14.9 20.7 N 0.0
15.078 15.084 -0.267 -0.261 27.2 33.0 N 0.0
15.081 15.101 -0.688 -0.668 19.8 25.6 N 0.0
15.097 15.105 -0.564 -0.556 17.7 19.9 N 0.0
15.098 15.108 -0.607 -0.597 15.85 18.55 N 0.0
15.109 15.117 -0.562 -0.554 15.8 21.6 N 0.0
15.125 15.133 -0.5 -0.492 16.9 22.7 N 0.0
15.131 15.139 -0.678 -0.67 15.5 21.3 N 0.0
15.136 15.146 -0.541 -0.531 18.8 24.6 N 0.0
15.149 15.157 -0.488 -0.48 17.5 23.3 N 0.0
15.149 15.157 -0.666 -0.658 16.55 19.25 N 0.0
15.174 15.18 -0.551 -0.545 16.7 22.5 N 0.0
15.187 15.207 -0.64 -0.62 17.8 23.6 N 0.0
15.198 15.208 -0.447 -0.437 17.8 23.6 N 0.0
15.206 15.212 -0.437 -0.431 19.5 25.3 N 0.0
15.245 15.253 -0.61 -0.602 19.3 22.3 N 0.0
15.25 15.268 -0.627 -0.609 18.5 24.3 N 0.0
15.359 15.371 -0.426 -0.414 56.6 62.4 N 0.0
15.428 15.438 0.187 0.197 45.6 51.4 F 1.0
15.452 15.458 0.187 0.193 44.9 50.7 F 1.0
15.498 15.508 -0.425 -0.415 36.8 42.6 N 0.0
15.53 15.536 -0.411 -0.405 36.0 41.8 N 0.0
15.786 15.792 -0.417 -0.411 43.0 48.8 N 0.0
16.298 16.304 -0.529 -0.523 36.1 41.9 F 1.0
16.317 16.321 -0.534 -0.53 37.45 40.55 F 1.0
16.321 16.333 -0.156 -0.144 48.9 51.3 N 0.0
16.36 16.366 -0.077 -0.071 45.5 48.1 N 0.0
16.359 16.371 -0.216 -0.204 47.0 52.8 N 0.0
16.384 16.394 -0.135 -0.125 43.6 49.4 N 0.0
16.401 16.405 -0.184 -0.18 41.9 47.7 N 0.0
16.44 16.446 -0.387 -0.381 44.4 50.2 N 0.0
16.438 16.448 -0.199 -0.189 42.5 48.3 N 0.0
16.582 16.588 -0.057 -0.051 55.9 61.7 N 0.0
16.609 16.613 -0.238 -0.234 41.1 46.9 F 1.0
16.642 16.648 -0.123 -0.117 45.3 49.9 F 1.0
16.735 16.743 -0.094 -0.086 66.2 72.0 F 1.0
16.819 16.827 -0.352 -0.344 49.5 54.5 N 0.0
16.906 16.912 0.336 0.344 21.8 27.6 N 0.0
16.91 16.92 -0.087 -0.077 37.8 43.6 N 0.0
16.915 16.923 0.224 0.232 23.05 24.75 N 0.0
16.924 16.93 0.245 0.251 22.15 26.65 N 0.0
16.962 16.968 -0.097 -0.091 38.2 44.0 N 0.0
17.207 17.215 0.774 0.782 21.1 23.9 N 0.0
17.47 17.476 -0.223 -0.217 49.3 55.1 N 0.0
17.912 17.918 -0.493 -0.487 37.1 42.9 N 0.0
17.993 17.997 -0.35 -0.346 41.1 43.5 N 0.0
18.063 18.071 -0.312 -0.304 45.05 47.95 N 0.0
18.086 18.096 -0.307 -0.297 48.0 53.8 N 0.0
18.095 18.103 -0.358 -0.35 51.8 57.6 N 0.0
18.104 18.11 0.049 0.055 49.9 55.7 N 0.0
18.108 18.118 -0.329 -0.319 52.6 58.4 N 0.0
18.134 18.14 -0.401 -0.395 43.9 49.7 N 0.0
18.145 18.157 -0.292 -0.28 53.3 59.1 N 0.0
18.172 18.178 -0.301 -0.295 46.7 52.5 N 0.0
18.214 18.224 -0.343 -0.333 46.2 48.4 N 0.0
18.222 18.228 -0.331 -0.325 45.9 51.7 N 0.0
18.225 18.237 -0.356 -0.344 46.0 51.8 N 0.0
18.245 18.249 -0.476 -0.472 47.3 53.1 N 0.0
18.296 18.302 -0.029 -0.023 50.4 56.2 F 1.0
18.299 18.307 -0.394 -0.386 30.85 34.95 N 0.0
18.37 18.376 -0.383 -0.377 43.35 45.85 N 0.0
18.412 18.418 -0.291 -0.285 65.6 71.4 N 0.0
18.449 18.457 -0.204 -0.196 49.4 55.2 N 0.0
18.452 18.458 -0.205 -0.199 49.4 55.2 N 0.0
18.483 18.491 -0.17 -0.162 42.2 48.0 N 0.0
18.489 18.501 -0.204 -0.192 49.25 52.95 N 0.0
18.52 18.526 -0.081 -0.075 41.8 47.6 N 0.0
18.521 18.529 0.084 0.092 42.9 48.7 N 0.0
18.54 18.546 -0.165 -0.159 51.6 53.2 N 0.0
18.562 18.572 -0.093 -0.083 43.1 48.9 N 0.0
18.568 18.578 -0.439 -0.429 44.65 48.15 N 0.0
18.603 18.611 -0.08 -0.072 43.6 47.2 N 0.0
18.626 18.632 -0.073 -0.067 43.8 46.8 F 1.0
18.649 18.661 -0.066 -0.054 43.25 47.95 F 1.0
18.661 18.665 -0.49 -0.486 68.8 72.8 N 0.0
18.662 18.668 -0.495 -0.489 69.7 72.7 N 0.0
18.687 18.695 -0.386 -0.378 64.85 68.95 N 0.0
18.769 18.785 -0.47 -0.454 64.6 70.4 N 0.0
18.797 18.809 -0.304 -0.292 62.6 68.4 N 0.0
18.814 18.824 0.007 0.017 47.2 53.0 N 0.0
18.821 18.837 -0.492 -0.476 62.4 68.2 N 0.0
18.844 18.85 -0.087 -0.081 44.5 48.1 N 0.0
18.861 18.873 -0.424 -0.412 24.95 27.05 N 0.0
18.87 18.88 0.047 0.057 46.2 52.0 N 0.0
18.877 18.885 -0.302 -0.294 60.2 66.0 N 0.0
18.875 18.891 -0.52 -0.504 63.4 69.2 N 0.0
18.88 18.898 -0.483 -0.465 62.6 68.4 N 0.0
18.887 18.891 -0.298 -0.294 60.8 66.6 N 0.0
18.884 18.898 0.037 0.051 46.3 52.1 N 0.0
18.889 18.893 0.508 0.512 55.4 59.0 N 0.0
18.913 18.917 -0.52 -0.516 63.7 69.5 N 0.0
18.92 18.926 -0.077 -0.071 45.4 48.8 N 0.0
18.92 18.926 0.077 0.083 42.6 48.4 N 0.0
18.946 18.956 0.035 0.045 46.1 51.9 N 0.0
18.969 18.977 0.046 0.054 44.6 50.4 N 0.0
18.971 18.979 -0.408 -0.4 24.45 26.75 N 0.0
18.999 19.003 -0.242 -0.238 62.45 65.95 N 0.0
19.01 19.016 -0.321 -0.315 61.7 63.9 N 0.0
19.03 19.04 -0.445 -0.435 55.05 58.35 N 0.0
19.04 19.046 -0.563 -0.557 45.5 51.3 N 0.0
19.052 19.058 -0.057 -0.051 45.0 50.8 N 0.0
19.053 19.065 -0.216 -0.204 60.1 65.9 N 0.0
19.063 19.071 -0.434 -0.426 55.05 58.55 N 0.0
19.07 19.084 -0.255 -0.241 64.4 67.2 N 0.0
19.072 19.086 -0.295 -0.281 65.05 68.35 N 0.0
19.278 19.288 -0.395 -0.385 50.5 56.3 N 0.0
19.285 19.293 0.076 0.084 23.8 29.6 N 0.0
19.305 19.313 -0.384 -0.376 44.25 45.75 N 0.0
19.307 19.315 0.062 0.07 24.9 29.3 N 0.0
19.4 19.406 -0.183 -0.177 56.3 62.1 N 0.0
19.403 19.411 -0.196 -0.188 56.3 62.1 N 0.0
19.483 19.495 -0.206 -0.194 38.3 40.5 F 1.0
19.506 19.512 -0.453 -0.447 62.25 64.35 N 0.0
19.534 19.548 -0.465 -0.451 61.7 65.7 N 0.0
19.605 19.617 -0.144 -0.132 54.2 60.0 F 1.0
19.607 19.615 -0.238 -0.23 38.3 44.1 F 1.0
19.61 19.62 -0.251 -0.241 39.7 45.5 F 1.0
19.678 19.688 -0.133 -0.123 55.95 57.85 F 1.0
19.693 19.697 -0.178 -0.174 52.8 58.6 F 1.0
19.789 19.793 -0.454 -0.45 66.5 70.7 N 0.0
19.809 19.813 -0.426 -0.422 64.9 70.7 N 0.0
19.808 19.818 -0.465 -0.455 64.8 70.6 N 0.0
19.824 19.83 -0.423 -0.417 67.8 72.0 N 0.0
19.88 19.89 -0.539 -0.529 41.3 47.1 N 0.0
19.895 19.903 -0.442 -0.434 68.3 74.1 N 0.0
19.907 19.915 -0.244 -0.236 62.9 68.7 N 0.0
19.91 19.92 -0.211 -0.201 60.4 66.2 N 0.0
19.922 19.928 -0.299 -0.293 66.8 72.6 N 0.0
19.922 19.932 -0.263 -0.253 61.7 67.5 N 0.0
19.929 19.933 -0.306 -0.302 68.0 71.4 N 0.0
19.968 19.974 -0.107 -0.101 67.0 69.0 N 0.0
20.078 20.088 -0.141 -0.131 38.2 44.0 F 1.0
20.084 20.09 -0.117 -0.111 39.9 45.7 F 1.0
20.362 20.368 -0.015 -0.009 51.2 54.2 F 1.0
20.426 20.432 -0.413 -0.407 41.7 47.5 N 0.0
20.433 20.437 -0.416 -0.412 41.7 47.5 N 0.0
20.438 20.444 -0.033 -0.027 73.1 78.9 F 1.0
20.536 20.542 -0.169 -0.163 48.1 53.9 N 0.0
20.543 20.551 -0.448 -0.44 66.4 69.0 N 0.0
20.559 20.563 -0.45 -0.446 64.2 70.0 N 0.0
20.648 20.658 -0.143 -0.133 54.3 60.1 F 1.0
20.658 20.668 -0.145 -0.135 54.3 60.1 F 1.0
20.665 20.669 -0.404 -0.4 55.1 57.3 N 0.0
20.669 20.677 -0.164 -0.156 53.05 56.15 F 1.0
20.711 20.719 -0.348 -0.34 59.6 65.4 N 0.0
20.715 20.727 -0.366 -0.354 59.6 65.4 N 0.0
20.727 20.739 -0.066 -0.054 52.4 58.2 F 1.0
20.744 20.754 -0.097 -0.087 55.7 61.5 F 1.0
20.756 20.762 -0.129 -0.123 53.35 56.85 F 1.0
20.763 20.767 -0.064 -0.06 55.8 59.2 F 1.0
20.77 20.776 0.495 0.501 29.2 32.2 N 0.0
20.891 20.899 -0.182 -0.174 56.0 59.4 F 1.0
20.961 20.969 -0.078 -0.07 27.4 34.4 F 1.0
21.002 21.008 -0.059 -0.053 28.4 34.2 F 1.0
21.008 21.014 -0.063 -0.057 28.4 34.2 F 1.0
21.077 21.081 0.256 0.26 23.5 29.3 N 0.0
21.094 21.1 0.149 0.155 52.25 56.15 N 0.0
21.131 21.135 -0.296 -0.292 33.95 36.25 F 1.0
21.135 21.139 -0.306 -0.302 33.9 36.3 F 1.0
21.167 21.171 -0.108 -0.104 63.7 69.5 N 0.0
21.191 21.203 -0.134 -0.122 62.6 68.4 N 0.0
21.228 21.234 -0.353 -0.347 30.8 36.6 N 0.0
21.354 21.36 -0.179 -0.173 88.3 94.1 N 0.0
21.372 21.382 -0.231 -0.221 87.8 93.6 N 0.0
21.384 21.39 -0.257 -0.251 89.75 93.25 N 0.0
21.407 21.411 -0.256 -0.252 88.5 94.3 N 0.0
21.419 21.431 -0.548 -0.536 52.2 58.0 N 0.0
21.449 21.457 -0.264 -0.256 110.1 115.9 F 1.0
21.515 21.519 0.238 0.242 74.75 78.25 F 1.0
21.558 21.568 -0.138 -0.128 117.4 123.2 F 1.0
21.585 21.597 -0.153 -0.141 118.9 121.5 F 1.0
21.846 21.856 -0.298 -0.288 77.75 82.45 N 0.0
21.904 21.91 -0.34 -0.334 79.7 85.5 F 1.0
21.919 21.923 -0.327 -0.323 79.75 84.45 F 1.0
22.007 22.015 0.355 0.363 47.0 52.8 N 0.0
22.012 22.018 -0.162 -0.156 92.1 97.9 N 0.0
22.053 22.061 0.185 0.193 48.4 54.2 N 0.0
22.082 22.088 0.488 0.494 46.6 52.4 N 0.0
22.124 22.13 -0.106 -0.1 60.7 66.5 N 0.0
22.183 22.187 0.005 0.009 89.5 95.3 N 0.0
22.25 22.256 0.028 0.034 81.8 84.2 N 0.0
22.313 22.325 0.049 0.061 78.3 84.3 N 0.0
22.349 22.357 0.063 0.071 81.3 87.1 N 0.0
22.354 22.36 0.408 0.414 81.0 86.8 N 0.0
22.362 22.376 0.372 0.386 82.85 85.15 N 0.0
22.373 22.381 0.443 0.451 49.4 55.2 N 0.0
22.45 22.456 0.498 0.504 58.8 62.4 N 0.0
22.462 22.468 -0.412 -0.406 38.8 41.6 N 0.0
22.467 22.475 0.345 0.353 81.8 87.6 N 0.0
22.469 22.477 -0.225 -0.217 74.45 77.55 N 0.0
22.475 22.483 -0.397 -0.389 38.3 40.9 N 0.0
22.495 22.507 -0.201 -0.189 74.35 77.65 N 0.0
22.512 22.518 0.324 0.33 55.8 61.6 N 0.0
22.525 22.537 -0.199 -0.187 73.95 78.05 N 0.0
22.547 22.555 -0.527 -0.519 74.55 78.05 N 0.0
22.554 22.568 -0.22 -0.206 76.65 79.55 N 0.0
22.585 22.593 0.007 0.015 67.2 73.0 N 0.0
22.632 22.642 0.106 0.116 80.75 83.05 N 0.0
22.636 22.646 -0.474 -0.464 74.2 80.0 N 0.0
22.65 22.656 0.126 0.132 71.5 77.3 N 0.0
22.674 22.68 -0.456 -0.45 74.6 79.0 N 0.0
22.689 22.701 -0.461 -0.449 74.9 80.7 N 0.0
22.698 22.708 0.398 0.408 115.35 118.25 N 0.0
22.722 22.728 -0.012 -0.006 34.75 39.05 F 1.0
22.73 22.74 -0.466 -0.456 74.9 80.7 N 0.0
22.752 22.762 -0.488 -0.478 64.2 70.8 N 0.0
22.768 22.778 -0.51 -0.5 59.5 65.3 N 0.0
22.791 22.799 -0.491 -0.483 58.2 64.0 N 0.0
22.829 22.837 -0.415 -0.407 71.9 75.9 N 0.0
22.847 22.855 -0.467 -0.459 60.5 66.3 N 0.0
22.863 22.875 -0.415 -0.403 72.5 78.3 N 0.0
22.87 22.88 -0.44 -0.43 74.6 77.8 N 0.0
22.897 22.909 -0.471 -0.459 75.45 77.75 N 0.0
22.907 22.911 -0.291 -0.287 69.9 75.7 N 0.0
22.921 22.929 -0.173 -0.165 64.2 66.8 N 0.0
22.947 22.959 -0.163 -0.151 61.5 67.3 N 0.0
22.953 22.957 -0.107 -0.103 62.5 68.3 N 0.0
22.952 22.958 -0.112 -0.106 63.85 66.95 N 0.0
22.972 22.982 -0.382 -0.372 71.3 75.9 N 0.0
23.003 23.019 -0.419 -0.403 74.3 80.1 N 0.0
23.019 23.027 -0.115 -0.107 102.3 104.9 N 0.0
23.026 23.032 0.01 0.016 72.8 75.2 F 1.0
23.04 23.054 0.282 0.296 73.0 78.8 N 0.0
23.048 23.054 0.306 0.312 74.1 79.9 F 1.0
23.058 23.068 -0.426 -0.416 74.5 80.3 N 0.0
23.062 23.068 0.26 0.266 71.6 77.4 N 0.0
23.072 23.078 -0.21 -0.204 81.75 84.05 N 0.0
23.076 23.082 0.232 0.238 72.1 77.9 N 0.0
23.082 23.092 -0.428 -0.418 72.8 78.6 N 0.0
23.082 23.096 -0.402 -0.388 77.1 79.7 N 0.0
23.093 23.105 -0.077 -0.065 67.0 72.8 N 0.0
23.1 23.106 -0.088 -0.082 67.4 73.2 N 0.0
23.107 23.111 -0.389 -0.385 70.2 72.4 N 0.0
23.116 23.126 -0.456 -0.446 58.6 64.4 N 0.0
23.122 23.128 -0.156 -0.15 63.0 68.8 N 0.0
23.135 23.143 -0.479 -0.471 53.8 59.6 N 0.0
23.188 23.194 -0.36 -0.354 77.0 79.4 N 0.0
23.193 23.209 -0.007 0.009 75.3 80.5 N 0.0
23.199 23.215 -0.385 -0.369 74.4 78.0 N 0.0
23.215 23.227 -0.001 0.011 74.5 80.3 N 0.0
23.227 23.235 0.161 0.169 75.2 81.0 N 0.0
23.239 23.243 -0.485 -0.481 60.45 63.15 N 0.0
23.246 23.256 0.012 0.022 74.9 79.9 N 0.0
23.253 23.257 0.101 0.105 73.8 79.6 N 0.0
23.264 23.27 0.074 0.08 76.15 80.25 N 0.0
23.264 23.278 -0.364 -0.35 72.7 78.5 N 0.0
23.265 23.281 -0.219 -0.203 76.3 82.1 N 0.0
23.292 23.302 0.05 0.06 53.3 56.7 N 0.0
23.318 23.324 -0.066 -0.06 94.6 100.4 N 0.0
23.318 23.324 -0.082 -0.076 94.0 99.8 N 0.0
23.316 23.326 -0.114 -0.104 94.6 100.4 F 1.0
23.326 23.332 0.048 0.054 52.65 58.15 N 0.0
23.325 23.337 -0.241 -0.229 80.0 83.2 N 0.0
23.351 23.355 0.075 0.079 81.7 87.5 F 1.0
23.349 23.361 -0.143 -0.131 95.9 98.7 N 0.0
23.356 23.366 -0.27 -0.26 99.0 104.8 N 0.0
23.367 23.375 0.101 0.109 80.5 86.3 N 0.0
23.368 23.374 -0.526 -0.52 60.9 66.7 N 0.0
23.37 23.38 -0.132 -0.122 96.2 102.0 N 0.0
23.381 23.385 0.285 0.289 75.1 80.9 N 0.0
23.391 23.399 -0.135 -0.127 96.2 102.0 N 0.0
23.393 23.401 0.263 0.271 77.8 81.0 N 0.0
23.401 23.425 -0.241 -0.217 101.9 106.1 N 0.0
23.417 23.421 -0.395 -0.391 -12.25 -9.95 F 1.0
23.411 23.427 -0.239 -0.223 101.0 106.8 N 0.0
23.423 23.431 -0.307 -0.299 103.8 109.6 N 0.0
23.431 23.435 -0.523 -0.519 60.55 65.65 N 0.0
23.426 23.448 -0.194 -0.172 98.75 101.05 N 0.0
23.437 23.449 -0.261 -0.249 101.9 105.7 N 0.0
23.457 23.465 -0.535 -0.527 60.2 66.0 N 0.0
23.461 23.469 -0.185 -0.177 97.65 100.75 N 0.0
23.477 23.485 -0.539 -0.531 60.9 66.7 N 0.0
23.476 23.486 -0.448 -0.438 60.3 66.1 N 0.0
23.48 23.486 -0.456 -0.45 60.6 66.4 N 0.0
23.484 23.49 -0.14 -0.134 97.7 102.5 N 0.0
23.495 23.499 -0.177 -0.173 99.0 104.8 N 0.0
23.503 23.511 0.005 0.013 89.9 95.7 N 0.0
23.511 23.515 -0.019 -0.015 90.3 96.1 N 0.0
23.516 23.522 -0.052 -0.046 92.2 98.0 N 0.0
23.556 23.562 0.48 0.486 96.6 98.6 N 0.0
23.559 23.567 0.479 0.487 94.7 100.5 N 0.0
23.573 23.581 0.107 0.115 80.1 85.9 N 0.0
23.575 23.579 -0.169 -0.165 78.2 84.0 N 0.0
23.599 23.611 0.175 0.187 85.3 88.7 N 0.0
23.63 23.64 -0.008 0.002 51.6 56.2 N 0.0
23.651 23.659 -0.133 -0.125 77.2 83.0 N 0.0
23.652 23.658 -0.144 -0.138 77.2 83.0 N 0.0
23.685 23.693 0.261 0.269 77.85 79.55 N 0.0
23.738 23.744 -0.162 -0.156 80.3 86.1 N 0.0
23.771 23.775 0.015 0.019 104.7 110.5 N 0.0
23.793 23.801 -0.005 0.003 52.4 58.2 N 0.0
23.838 23.848 -0.132 -0.122 74.95 78.05 F 1.0
23.845 23.853 -0.309 -0.301 53.0 58.8 N 0.0
23.854 23.86 0.07 0.076 53.1 55.1 N 0.0
23.86 23.866 -0.282 -0.276 52.8 58.6 N 0.0
23.863 23.875 -0.129 -0.117 73.2 79.0 F 1.0
23.946 23.952 0.116 0.122 78.3 84.1 N 0.0
23.948 23.962 0.144 0.158 77.1 82.9 N 0.0
23.979 23.983 0.387 0.391 84.9 90.7 N 0.0
23.986 24.004 0.142 0.16 80.8 83.2 N 0.0
24.002 24.02 0.48 0.498 92.1 96.1 N 0.0
24.023 24.031 0.003 0.011 86.3 88.9 N 0.0
24.046 24.056 -0.22 -0.21 78.2 84.0 N 0.0
24.085 24.093 -0.109 -0.101 78.8 84.6 N 0.0
24.096 24.102 0.43 0.436 91.9 97.7 N 0.0
24.152 24.162 0.39 0.4 91.2 97.0 F 1.0
24.166 24.172 -0.022 -0.016 49.55 55.65 F 1.0
24.168 24.174 0.06 0.066 107.5 113.3 N 0.0
24.182 24.188 0.118 0.124 111.0 116.8 F 1.0
24.196 24.202 0.4 0.406 93.4 99.2 N 0.0
24.197 24.205 -0.269 -0.261 90.9 96.7 N 0.0
24.201 24.209 0.235 0.243 111.9 117.7 F 1.0
24.212 24.218 -0.14 -0.134 90.6 96.4 N 0.0
24.228 24.238 0.196 0.206 111.1 116.9 F 1.0
24.259 24.267 0.097 0.105 97.55 101.25 N 0.0
24.271 24.279 0.443 0.451 94.0 99.8 F 1.0
24.283 24.295 0.253 0.265 111.4 117.2 N 0.0
24.291 24.299 0.203 0.211 109.9 115.7 N 0.0
24.301 24.309 0.147 0.155 109.4 115.2 N 0.0
24.312 24.318 -0.158 -0.152 54.0 57.4 F 1.0
24.31 24.324 0.08 0.094 110.4 116.2 N 0.0
24.316 24.326 -0.128 -0.118 50.4 56.2 F 1.0
24.346 24.352 0.268 0.274 111.0 116.8 N 0.0
24.369 24.373 -0.225 -0.221 52.1 57.9 F 1.0
24.369 24.377 0.475 0.483 98.4 104.0 N 0.0
24.372 24.378 -0.44 -0.434 42.5 45.1 N 0.0
24.374 24.384 -0.214 -0.204 51.2 57.0 F 1.0
24.379 24.387 0.449 0.457 100.3 106.1 N 0.0
24.397 24.405 -0.193 -0.185 55.7 61.5 F 1.0
24.407 24.415 0.069 0.077 109.9 113.3 F 1.0
24.408 24.422 0.096 0.11 111.7 114.7 F 1.0
24.415 24.419 0.007 0.011 108.75 111.05 F 1.0
24.416 24.422 -0.542 -0.536 58.55 59.65 N 0.0
24.417 24.437 0.111 0.131 110.1 115.9 F 1.0
24.425 24.433 -0.533 -0.525 57.0 61.2 N 0.0
24.426 24.448 0.242 0.264 114.2 120.0 F 1.0
24.435 24.443 -0.275 -0.267 93.1 98.9 N 0.0
24.44 24.446 -0.32 -0.314 93.3 98.3 N 0.0
24.452 24.462 -0.282 -0.272 94.15 98.25 N 0.0
24.455 24.467 0.191 0.203 118.15 119.65 F 1.0
24.465 24.481 0.481 0.497 98.6 104.4 N 0.0
24.475 24.487 -0.007 0.005 106.75 112.65 F 1.0
24.478 24.484 -0.522 -0.516 60.45 63.35 N 0.0
24.484 24.49 0.156 0.162 115.5 121.3 F 1.0
24.49 24.496 -0.29 -0.284 93.1 98.9 N 0.0
24.487 24.499 -0.045 -0.033 107.7 110.7 F 1.0
24.532 24.538 -0.186 -0.18 39.0 44.8 N 0.0
24.538 24.552 -0.28 -0.266 94.1 99.9 N 0.0
24.543 24.551 -0.219 -0.211 97.7 103.5 N 0.0
24.55 24.556 0.498 0.504 102.1 103.7 N 0.0
24.572 24.578 -0.078 -0.072 49.5 55.3 N 0.0
24.583 24.591 -0.359 -0.351 39.8 45.6 N 0.0
24.584 24.59 -0.338 -0.332 41.1 46.9 N 0.0
24.603 24.607 0.163 0.167 37.1 42.9 N 0.0
24.603 24.607 -0.277 -0.273 93.2 99.0 N 0.0
24.607 24.615 -0.333 -0.325 40.7 46.5 N 0.0
24.61 24.616 0.42 0.426 41.1 46.9 N 0.0
24.613 24.617 -0.177 -0.173 113.7 115.3 F 1.0
24.626 24.636 0.168 0.178 113.55 116.45 N 0.0
24.627 24.639 0.147 0.159 49.6 55.4 N 0.0
24.63 24.64 -0.33 -0.32 39.9 45.7 N 0.0
24.651 24.659 0.375 0.383 106.7 112.5 N 0.0
24.665 24.673 -0.119 -0.111 110.05 114.35 F 1.0
24.667 24.683 -0.159 -0.143 111.3 117.1 F 1.0
24.69 24.696 -0.128 -0.122 107.05 110.15 F 1.0
24.699 24.711 -0.135 -0.123 107.65 109.55 F 1.0
24.705 24.709 -0.427 -0.423 59.65 62.55 F 1.0
24.726 24.732 0.15 0.156 108.55 110.65 N 0.0
24.727 24.735 0.083 0.091 108.3 110.9 N 0.0
24.741 24.749 0.157 0.165 106.9 109.5 N 0.0
24.753 24.761 0.087 0.095 106.6 112.4 N 0.0
24.755 24.763 0.061 0.069 108.6 111.2 N 0.0
24.759 24.763 -0.085 -0.081 109.25 112.35 F 1.0
24.76 24.762 0.162 0.164 106.0 111.8 N 0.0
24.769 24.777 0.121 0.129 108.0 111.8 N 0.0
24.787 24.795 0.079 0.087 107.5 112.3 N 0.0
24.812 24.818 0.186 0.192 103.5 109.3 N 0.0
24.811 24.823 0.123 0.135 108.05 110.95 N 0.0
24.842 24.852 0.032 0.042 103.8 109.6 N 0.0
24.848 24.854 0.082 0.088 106.1 111.9 N 0.0
24.861 24.865 0.143 0.147 42.5 48.3 N 0.0
24.911 24.919 -0.133 -0.125 46.7 48.9 N 0.0
24.92 24.93 -0.164 -0.154 45.55 48.85 N 0.0
24.922 24.932 -0.432 -0.422 54.5 60.3 N 0.0
24.93 24.936 -0.428 -0.422 54.4 60.2 N 0.0
24.972 24.978 -0.166 -0.16 43.25 47.15 N 0.0
24.992 25.002 -0.182 -0.172 44.55 46.65 N 0.0
25.009 25.021 -0.189 -0.177 43.4 49.2 N 0.0
25.022 25.028 -0.002 0.004 102.6 108.4 N 0.0
25.023 25.031 -0.469 -0.461 55.8 61.6 N 0.0
25.04 25.046 -0.188 -0.182 42.9 48.7 N 0.0
25.073 25.085 0.033 0.045 102.1 107.9 N 0.0
25.15 25.16 0.083 0.093 42.1 47.9 N 0.0
25.158 25.168 0.065 0.075 43.1 48.9 N 0.0
25.16 25.166 -0.307 -0.301 61.4 65.4 N 0.0
25.241 25.245 0.148 0.152 105.15 110.45 N 0.0
25.262 25.276 -0.441 -0.427 58.2 60.6 N 0.0
25.324 25.33 -0.045 -0.039 100.1 105.9 N 0.0
25.353 25.357 -0.158 -0.154 91.9 97.7 N 0.0
25.389 25.397 -0.368 -0.36 53.8 59.6 N 0.0
25.391 25.399 0.03 0.038 -14.25 -11.75 F 1.0
25.396 25.402 0.559 0.565 15.15 18.45 N 0.0
25.409 25.417 -0.452 -0.444 80.2 86.0 N 0.0
25.417 25.425 -0.322 -0.314 52.5 58.3 N 0.0
25.534 25.544 -0.235 -0.225 113.2 119.0 N 0.0
25.608 25.618 0.223 0.233 109.8 115.6 N 0.0
25.627 25.635 -0.398 -0.39 90.5 96.3 N 0.0
25.63 25.636 -0.133 -0.127 92.3 98.1 N 0.0
25.653 25.657 -0.108 -0.104 90.6 96.4 N 0.0
25.665 25.669 0.04 0.044 53.3 59.1 N 0.0
25.67 25.68 -0.129 -0.119 89.0 94.8 N 0.0
25.684 25.694 0.027 0.037 49.0 54.8 N 0.0
25.688 25.698 -0.155 -0.145 92.25 95.55 N 0.0
25.706 25.716 0.041 0.051 96.3 102.1 F 1.0
25.721 25.733 -0.178 -0.166 91.2 96.6 N 0.0
25.729 25.741 0.208 0.22 107.1 112.9 N 0.0
25.734 25.744 0.237 0.247 107.4 109.8 N 0.0
25.751 25.759 0.238 0.246 104.9 110.7 N 0.0
25.764 25.77 0.265 0.271 109.1 113.9 N 0.0
25.791 25.803 0.238 0.25 107.0 112.8 N 0.0
25.801 25.813 0.266 0.278 106.9 112.7 N 0.0
25.857 25.861 -0.21 -0.206 91.35 94.85 N 0.0
25.878 25.884 -0.183 -0.177 90.2 96.0 N 0.0
25.967 25.971 -0.008 -0.004 85.9 91.7 N 0.0
25.978 25.988 -0.061 -0.051 87.0 92.8 N 0.0
26.087 26.095 -0.058 -0.05 25.1 30.9 F 1.0
26.153 26.161 -0.074 -0.066 102.5 108.3 N 0.0
26.173 26.181 0.134 0.142 109.9 115.7 N 0.0
26.19 26.196 -0.149 -0.143 100.6 106.4 N 0.0
26.258 26.264 -0.073 -0.067 96.1 101.9 N 0.0
26.287 26.291 -0.054 -0.05 112.7 115.9 N 0.0
26.357 26.361 0.034 0.038 55.1 58.9 N 0.0
26.448 26.458 0.179 0.189 96.6 102.4 N 0.0
26.502 26.508 0.243 0.249 107.6 113.4 N 0.0
26.505 26.509 -0.448 -0.444 65.6 70.6 N 0.0
26.512 26.518 -0.295 -0.289 106.3 108.1 F 1.0
26.524 26.53 -0.273 -0.267 102.9 108.7 F 1.0
26.539 26.551 0.41 0.422 83.4 89.2 F 1.0
26.59 26.596 -0.063 -0.057 64.0 69.8 F 1.0
26.591 26.603 -0.03 -0.018 20.6 26.4 F 1.0
26.661 26.665 0.272 0.276 109.0 114.8 N 0.0
26.828 26.834 0.185 0.191 91.75 95.05 N 0.0
26.954 26.96 -0.079 -0.073 80.1 85.9 F 1.0
26.998 27.004 -0.301 -0.295 65.0 70.8 N 0.0
27.009 27.017 -0.044 -0.036 -17.0 -11.2 F 1.0
27.015 27.023 0.198 0.206 92.1 97.9 N 0.0
27.025 27.033 0.278 0.286 92.8 98.6 N 0.0
27.093 27.101 -0.562 -0.554 82.5 88.3 N 0.0
27.102 27.112 -0.079 -0.069 88.8 94.6 N 0.0
27.121 27.129 0.158 0.166 19.05 24.75 N 0.0
27.176 27.182 -0.107 -0.101 44.5 50.3 N 0.0
27.182 27.192 -0.087 -0.077 24.65 26.55 F 1.0
27.204 27.214 -0.103 -0.093 24.8 30.6 F 1.0
27.253 27.261 0.132 0.14 30.1 35.9 F 1.0
27.295 27.299 -0.156 -0.152 88.2 94.0 N 0.0
27.309 27.325 0.168 0.184 32.2 35.2 F 1.0
27.363 27.371 -0.17 -0.162 89.8 92.8 N 0.0
27.459 27.467 -0.154 -0.146 87.8 90.6 N 0.0
27.489 27.501 0.184 0.196 32.2 38.0 F 1.0
27.493 27.501 -0.118 -0.11 91.0 96.8 N 0.0
27.503 27.507 -0.294 -0.29 6.4 12.2 N 0.0
27.502 27.508 0.091 0.097 83.1 86.3 F 1.0
27.51 27.516 0.071 0.077 83.6 86.0 F 1.0
27.561 27.569 0.08 0.088 83.05 85.75 F 1.0
27.573 27.581 0.028 0.036 85.0 90.2 F 1.0
27.582 27.588 0.337 0.343 94.9 100.7 N 0.0
27.591 27.595 0.02 0.024 87.4 93.2 F 1.0
27.604 27.614 0.021 0.031 86.8 92.6 F 1.0
27.641 27.649 0.138 0.146 99.2 105.0 N 0.0
27.653 27.661 0.094 0.102 98.1 101.5 N 0.0
27.682 27.688 0.307 0.313 93.85 96.55 N 0.0
27.677 27.697 0.088 0.108 98.55 101.45 N 0.0
27.711 27.719 -0.122 -0.114 73.9 77.3 N 0.0
27.712 27.726 -0.007 0.007 93.2 99.0 N 0.0
27.739 27.747 0.17 0.178 75.3 81.1 N 0.0
27.739 27.751 0.108 0.12 98.4 104.2 N 0.0
27.746 27.752 -0.271 -0.265 42.85 47.35 N 0.0
27.752 27.766 0.045 0.059 98.35 101.85 N 0.0
27.827 27.831 -0.338 -0.334 43.35 48.45 N 0.0
27.888 27.906 0.183 0.201 91.9 94.7 N 0.0
27.911 27.919 -0.438 -0.43 101.1 106.9 N 0.0
27.935 27.943 -0.474 -0.466 43.1 48.9 N 0.0
27.956 27.962 -0.555 -0.549 51.4 57.2 N 0.0
27.965 27.973 -0.476 -0.468 42.9 47.7 N 0.0
27.97 27.98 -0.425 -0.415 41.3 47.1 N 0.0
27.981 27.993 0.342 0.354 94.0 97.4 F 1.0
27.989 27.997 0.152 0.16 75.8 81.6 N 0.0
28.005 28.013 -0.058 -0.05 93.1 95.9 N 0.0
28.009 28.013 -0.428 -0.424 16.4 22.2 N 0.0
28.037 28.041 -0.0 0.004 97.6 103.4 F 1.0
28.046 28.052 -0.459 -0.453 44.65 46.95 N 0.0
28.05 28.06 -0.007 0.003 97.2 103.0 F 1.0
28.085 28.093 0.348 0.356 33.1 38.9 N 0.0
28.089 28.093 -0.462 -0.458 43.3 49.1 N 0.0
28.106 28.116 -0.453 -0.443 43.6 49.4 N 0.0
28.117 28.121 -0.344 -0.34 43.5 49.3 N 0.0
28.148 28.158 0.165 0.175 86.7 92.5 N 0.0
28.173 28.181 0.262 0.27 35.15 37.85 F 1.0
28.192 28.202 -0.077 -0.067 95.3 101.1 F 1.0
28.222 28.232 0.215 0.225 86.45 89.75 N 0.0
28.23 28.24 0.229 0.239 85.2 91.0 N 0.0
28.268 28.282 -0.171 -0.157 77.2 83.0 N 0.0
28.282 28.292 -0.367 -0.357 47.2 49.4 N 0.0
28.296 28.306 -0.139 -0.129 78.7 84.5 N 0.0
28.316 28.322 -0.307 -0.301 69.3 75.1 N 0.0
28.323 28.339 -0.044 -0.028 31.35 36.45 F 1.0
28.338 28.352 0.053 0.067 76.95 79.45 N 0.0
28.35 28.36 -0.343 -0.333 72.7 78.5 N 0.0
28.356 28.37 0.049 0.063 76.9 80.3 N 0.0
28.361 28.373 -0.216 -0.204 68.35 72.05 N 0.0
28.363 28.375 0.116 0.128 79.35 81.65 N 0.0
28.367 28.375 -0.242 -0.234 43.4 49.2 N 0.0
28.403 28.411 -0.438 -0.43 72.6 75.8 N 0.0
28.404 28.414 0.121 0.131 69.85 73.35 N 0.0
28.444 28.45 -0.317 -0.311 43.4 49.2 N 0.0
28.447 28.451 -0.332 -0.328 43.6 49.4 N 0.0
28.444 28.454 -0.271 -0.261 44.9 50.7 N 0.0
28.444 28.458 -0.005 0.009 -15.8 -10.0 F 1.0
28.494 28.504 0.167 0.177 29.3 35.5 N 0.0
28.5 28.506 0.013 0.019 96.85 102.35 N 0.0
28.497 28.513 -0.146 -0.13 71.1 76.9 N 0.0
28.524 28.534 -0.255 -0.245 84.6 90.4 N 0.0
28.532 28.546 -0.281 -0.267 85.7 91.5 N 0.0
28.555 28.567 -0.292 -0.28 84.8 90.6 N 0.0
28.573 28.589 -0.348 -0.332 86.2 92.0 N 0.0
28.577 28.585 0.142 0.15 -16.8 -11.0 F 1.0
28.585 28.597 0.042 0.054 97.9 103.7 F 1.0
28.589 28.597 -0.436 -0.428 88.5 94.3 N 0.0
28.589 28.605 -0.368 -0.352 88.9 94.7 N 0.0
28.6 28.606 -0.435 -0.429 87.8 93.6 N 0.0
28.602 28.612 -0.263 -0.253 60.3 66.1 N 0.0
28.597 28.617 0.008 0.028 100.1 105.9 F 1.0
28.629 28.637 0.472 0.48 25.4 31.2 N 0.0
28.642 28.66 0.019 0.037 102.3 104.5 F 1.0
28.653 28.665 0.138 0.15 76.4 82.2 N 0.0
28.699 28.703 0.43 0.434 90.2 96.0 N 0.0
28.7 28.706 0.173 0.179 81.3 87.1 F 1.0
28.737 28.753 0.146 0.162 82.8 88.6 F 1.0
28.744 28.75 0.503 0.509 23.5 29.3 N 0.0
28.766 28.78 0.167 0.181 103.5 109.3 F 1.0
28.778 28.796 0.229 0.247 106.5 108.9 F 1.0
28.797 28.809 -0.026 -0.014 99.4 101.8 F 1.0
28.821 28.829 0.002 0.01 78.4 82.2 N 0.0
28.826 28.832 -0.337 -0.331 98.3 104.1 F 1.0
28.824 28.842 -0.261 -0.243 85.1 90.9 N 0.0
28.834 28.848 0.487 0.501 82.7 88.5 N 0.0
28.858 28.868 0.199 0.209 47.2 53.0 N 0.0
28.868 28.874 -0.389 -0.383 82.3 88.1 N 0.0
28.868 28.878 -0.151 -0.141 91.1 96.9 N 0.0
28.904 28.91 -0.481 -0.475 70.0 75.8 N 0.0
28.912 28.918 -0.477 -0.471 71.6 73.8 N 0.0
28.916 28.922 -0.547 -0.541 74.05 76.95 N 0.0
28.924 28.934 0.391 0.401 92.2 98.0 N 0.0
28.945 28.957 -0.576 -0.564 71.9 77.7 N 0.0
28.953 28.969 -0.054 -0.038 77.7 83.5 N 0.0
28.963 28.971 -0.48 -0.472 63.1 68.9 N 0.0
28.964 28.97 -0.597 -0.591 74.4 78.0 N 0.0
28.968 28.986 0.073 0.091 67.5 73.3 F 1.0
28.976 28.986 0.065 0.075 68.0 73.8 F 1.0
28.991 29.003 0.024 0.036 96.65 99.15 N 0.0
28.998 29.004 0.065 0.071 68.1 73.9 F 1.0
29.022 29.032 -0.533 -0.523 80.7 86.5 N 0.0
29.063 29.075 -0.55 -0.538 76.9 82.7 N 0.0
29.091 29.099 -0.606 -0.598 44.6 50.4 N 0.0
29.101 29.109 -0.112 -0.104 78.2 84.0 N 0.0
29.1 29.114 -0.303 -0.289 93.6 96.8 N 0.0
29.111 29.123 -0.324 -0.312 92.8 98.6 N 0.0
29.108 29.126 0.019 0.037 96.55 98.85 N 0.0
29.13 29.14 -0.017 -0.007 48.1 53.9 F 1.0
29.151 29.163 0.456 0.468 21.3 27.1 F 1.0
29.161 29.169 0.408 0.416 18.4 24.2 F 1.0
29.168 29.182 -0.499 -0.485 76.8 82.6 N 0.0
29.175 29.179 -0.334 -0.33 90.8 96.6 N 0.0
29.177 29.185 -0.342 -0.334 93.3 94.9 N 0.0
29.188 29.198 0.123 0.133 96.2 102.0 N 0.0
29.223 29.231 0.02 0.028 93.7 99.5 N 0.0
29.23 29.236 -0.085 -0.079 58.2 64.0 F 1.0
29.23 29.24 -0.335 -0.325 87.6 93.4 N 0.0
29.26 29.266 -0.485 -0.479 75.7 81.5 N 0.0
29.271 29.279 0.36 0.368 77.8 83.6 N 0.0
29.274 29.284 0.091 0.101 85.05 88.95 N 0.0
29.365 29.369 -0.552 -0.548 61.1 66.9 N 0.0
29.38 29.386 -0.543 -0.537 60.7 66.5 N 0.0
29.378 29.388 -0.541 -0.531 60.7 66.5 N 0.0
29.459 29.465 -0.246 -0.24 75.1 77.1 N 0.0
29.473 29.479 -0.254 -0.248 74.1 79.9 N 0.0
29.496 29.508 0.379 0.391 78.7 84.5 N 0.0
29.556 29.56 -0.357 -0.353 89.8 95.6 N 0.0
29.554 29.562 0.181 0.189 76.8 82.6 N 0.0
29.592 29.604 -0.625 -0.613 74.0 79.8 N 0.0
29.603 29.609 -0.588 -0.582 72.9 78.7 N 0.0
29.622 29.63 0.247 0.255 74.2 80.0 N 0.0
29.697 29.703 0.102 0.108 -28.2 -22.4 F 1.0
29.698 29.706 0.121 0.129 -29.0 -23.2 F 1.0
29.766 29.774 -0.319 -0.311 89.6 94.0 N 0.0
29.774 29.786 -0.265 -0.253 97.3 103.1 F 1.0
29.824 29.84 -0.073 -0.057 96.1 101.9 N 0.0
29.833 29.843 -0.106 -0.096 97.25 100.95 N 0.0
29.839 29.845 -0.478 -0.472 65.8 71.6 N 0.0
29.838 29.85 -0.041 -0.029 97.2 103.0 N 0.0
29.845 29.855 -0.004 0.006 96.2 102.0 N 0.0
29.853 29.859 -0.486 -0.48 66.5 72.3 N 0.0
29.856 29.868 0.023 0.035 100.4 106.2 N 0.0
29.857 29.871 -0.052 -0.038 98.55 101.65 N 0.0
29.885 29.891 -0.784 -0.778 80.7 86.5 N 0.0
29.885 29.899 -0.016 -0.002 95.5 101.3 N 0.0
29.89 29.898 -0.785 -0.777 80.95 86.25 N 0.0
29.89 29.91 -0.225 -0.205 99.4 105.2 N 0.0
29.903 29.909 -0.806 -0.8 81.4 87.2 N 0.0
29.906 29.926 -0.055 -0.035 97.3 103.1 N 0.0
29.919 29.929 -0.022 -0.012 93.8 99.6 N 0.0
29.951 29.961 -0.31 -0.3 89.5 95.3 N 0.0
29.95 29.966 -0.025 -0.009 96.4 102.2 N 0.0
29.957 29.967 -0.792 -0.782 81.4 87.2 N 0.0
29.965 29.971 -0.79 -0.784 82.3 88.1 N 0.0
30.001 30.015 -0.278 -0.264 101.75 104.45 N 0.0
30.004 30.012 -0.125 -0.117 96.5 102.3 N 0.0
30.0 30.016 -0.051 -0.035 89.6 95.4 F 1.0
30.012 30.028 -0.055 -0.039 93.8 99.6 N 0.0
30.047 30.053 -0.284 -0.278 93.1 98.9 N 0.0
30.091 30.097 -0.288 -0.282 94.8 100.6 N 0.0
30.114 30.126 -1.153 -1.141 62.4 68.2 N 0.0
30.134 30.146 -0.075 -0.063 85.4 88.4 N 0.0
30.251 30.257 0.338 0.344 70.65 73.15 N 0.0
30.297 30.307 -0.292 -0.282 98.2 102.6 N 0.0
30.308 30.324 -0.149 -0.133 110.1 115.9 N 0.0
30.315 30.329 0.288 0.302 110.0 115.8 N 0.0
30.332 30.34 0.513 0.521 14.6 20.4 N 0.0
30.347 30.353 0.514 0.52 13.95 17.25 N 0.0
30.366 30.374 0.479 0.487 15.65 19.75 N 0.0
30.372 30.38 -0.483 -0.475 44.2 50.0 N 0.0
30.379 30.385 0.366 0.372 109.1 114.9 N 0.0
30.391 30.397 -0.468 -0.462 45.0 50.8 N 0.0
30.393 30.399 0.37 0.376 109.1 114.9 N 0.0
30.397 30.403 -0.056 -0.05 111.0 116.8 N 0.0
30.397 30.407 -0.302 -0.292 100.95 104.45 F 1.0
30.412 30.432 -0.241 -0.221 103.85 106.35 F 1.0
30.417 30.431 0.46 0.474 13.9 18.1 N 0.0
30.425 30.435 -0.3 -0.29 99.9 105.7 F 1.0
30.442 30.454 -0.031 -0.019 42.4 48.2 F 1.0
30.464 30.472 0.005 0.013 83.4 89.2 N 0.0
30.483 30.489 -0.024 -0.018 41.0 46.8 F 1.0
30.483 30.489 -0.348 -0.342 107.9 110.3 F 1.0
30.482 30.49 -0.427 -0.419 104.4 110.2 F 1.0
30.484 30.492 -0.407 -0.399 103.6 109.4 F 1.0
30.488 30.496 -0.305 -0.297 104.4 110.2 F 1.0
30.493 30.499 -0.394 -0.388 9.0 14.8 N 0.0
30.496 30.5 -0.271 -0.267 105.6 111.4 F 1.0
30.496 30.504 -0.229 -0.221 83.0 88.8 N 0.0
30.494 30.506 -0.337 -0.325 104.3 110.1 F 1.0
30.498 30.506 -0.497 -0.489 100.0 105.8 F 1.0
30.498 30.51 -0.457 -0.445 104.7 110.5 F 1.0
30.528 30.532 -0.261 -0.257 108.6 114.4 N 0.0
30.528 30.54 0.015 0.027 46.35 49.85 F 1.0
30.57 30.582 -0.259 -0.247 84.15 87.65 N 0.0
30.575 30.589 0.12 0.134 93.35 96.65 F 1.0
30.578 30.59 -0.219 -0.207 93.7 98.1 N 0.0
30.622 30.626 0.545 0.549 81.4 87.2 N 0.0
30.625 30.631 -0.032 -0.026 86.9 92.7 N 0.0
30.655 30.665 0.138 0.148 90.0 95.8 N 0.0
30.655 30.665 0.04 0.05 77.3 83.1 N 0.0
30.662 30.67 -0.425 -0.417 93.5 99.3 N 0.0
30.677 30.683 -0.168 -0.162 88.0 93.8 N 0.0
30.685 30.691 -0.0 0.006 88.8 94.6 N 0.0
30.684 30.696 -0.049 -0.037 87.1 91.7 N 0.0
30.692 30.696 -0.309 -0.305 98.8 104.6 F 1.0
30.696 30.708 -0.073 -0.061 86.8 92.6 N 0.0
30.7 30.704 -0.285 -0.281 98.7 103.5 F 1.0
30.701 30.711 0.102 0.112 90.1 95.9 N 0.0
30.703 30.717 -0.33 -0.316 100.4 102.0 F 1.0
30.707 30.717 0.13 0.14 88.7 94.5 N 0.0
30.711 30.721 0.184 0.194 82.8 88.6 N 0.0
30.713 30.723 -0.086 -0.076 90.5 96.3 N 0.0
30.729 30.743 0.104 0.118 89.3 95.1 N 0.0
30.734 30.754 -0.009 0.011 85.7 91.5 N 0.0
30.759 30.769 -0.038 -0.028 91.7 97.5 N 0.0
30.766 30.77 -0.803 -0.799 75.8 81.6 N 0.0
30.766 30.774 -0.805 -0.797 75.5 81.3 N 0.0
30.767 30.777 -0.092 -0.082 91.4 97.2 N 0.0
30.789 30.799 -0.118 -0.108 91.1 96.9 N 0.0
30.804 30.812 -0.033 -0.025 91.6 97.4 N 0.0
30.807 30.817 -0.116 -0.106 92.65 94.35 N 0.0
30.825 30.831 0.202 0.208 95.2 101.0 F 1.0
30.821 30.835 0.128 0.142 37.15 39.25 F 1.0
30.835 30.845 0.118 0.128 36.05 39.75 F 1.0
30.837 30.847 -0.026 -0.016 90.4 96.2 N 0.0
30.838 30.85 0.171 0.183 93.7 99.5 N 0.0
30.839 30.849 0.336 0.346 95.45 98.35 N 0.0
30.851 30.861 0.142 0.152 36.8 38.6 F 1.0
30.858 30.866 -0.045 -0.037 91.9 97.7 N 0.0
30.862 30.87 0.111 0.119 36.7 42.5 F 1.0
30.863 30.873 -0.126 -0.116 99.55 104.85 N 0.0
30.869 30.875 -0.024 -0.018 90.9 96.7 N 0.0
30.869 30.879 -0.1 -0.09 99.45 102.75 N 0.0
30.895 30.901 0.422 0.428 77.1 82.9 N 0.0
30.894 30.902 -0.157 -0.149 100.3 106.1 N 0.0
30.913 30.919 0.716 0.722 47.8 53.6 N 0.0
30.914 30.926 0.085 0.097 93.85 96.75 N 0.0
30.941 30.947 0.156 0.162 98.7 104.5 N 0.0
30.966 30.978 -0.147 -0.135 75.0 80.8 N 0.0
30.982 30.99 0.325 0.333 77.7 80.5 N 0.0
30.987 30.997 0.118 0.128 97.2 103.0 N 0.0
31.008 31.016 -0.005 0.003 71.6 77.4 N 0.0
31.018 31.03 -0.119 -0.107 74.0 79.8 N 0.0
31.058 31.062 -0.539 -0.535 96.0 101.8 N 0.0
31.071 31.081 0.454 0.464 28.3 34.1 F 1.0
31.121 31.131 -0.198 -0.188 98.3 104.1 F 1.0
31.133 31.139 0.296 0.302 101.8 107.6 F 1.0
31.134 31.142 -0.197 -0.189 97.8 103.6 F 1.0
31.136 31.144 0.155 0.163 106.7 112.5 N 0.0
31.145 31.155 0.262 0.272 100.3 106.1 F 1.0
31.144 31.156 -0.155 -0.143 39.9 43.5 F 1.0
31.203 31.213 0.094 0.104 106.6 109.6 N 0.0
31.218 31.226 0.017 0.025 72.6 78.4 N 0.0
31.244 31.252 -0.157 -0.149 20.8 26.6 N 0.0
31.273 31.287 0.054 0.068 105.85 108.15 N 0.0
31.315 31.325 -0.452 -0.442 10.8 16.6 N 0.0
31.319 31.337 0.056 0.074 100.8 106.6 N 0.0
31.346 31.35 -0.255 -0.251 84.9 90.7 F 1.0
31.351 31.357 -0.27 -0.264 84.9 90.7 F 1.0
31.362 31.366 0.303 0.307 93.6 99.4 N 0.0
31.384 31.392 0.305 0.313 94.8 96.8 N 0.0
31.391 31.401 -0.262 -0.252 84.2 90.0 F 1.0
31.432 31.436 -0.107 -0.103 88.45 90.75 N 0.0
31.47 31.478 -0.347 -0.339 88.8 94.6 F 1.0
31.577 31.589 0.072 0.084 93.4 99.2 N 0.0
31.587 31.599 -0.198 -0.186 40.1 45.9 F 1.0
31.61 31.624 0.137 0.151 93.8 99.6 N 0.0
31.65 31.66 -0.445 -0.435 77.5 83.3 N 0.0
31.67 31.676 -0.493 -0.487 77.1 82.9 N 0.0
31.69 31.696 -0.549 -0.543 92.6 98.4 N 0.0
31.697 31.705 -0.498 -0.49 76.6 82.4 N 0.0
31.707 31.715 -0.498 -0.49 77.0 82.8 N 0.0
31.778 31.792 -0.271 -0.257 101.3 107.1 F 1.0
31.864 31.87 -0.395 -0.389 67.1 72.9 N 0.0
31.897 31.905 0.338 0.346 95.5 101.3 N 0.0
31.904 31.91 -0.513 -0.507 68.5 74.3 N 0.0
31.908 31.914 -0.513 -0.507 69.7 73.1 N 0.0
31.929 31.941 0.08 0.092 95.0 98.4 N 0.0
31.941 31.953 0.07 0.082 93.3 99.1 N 0.0
31.956 31.966 0.061 0.071 94.2 97.6 N 0.0
32.001 32.009 -0.512 -0.504 69.9 73.3 N 0.0
32.012 32.026 0.055 0.069 91.3 97.1 N 0.0
32.016 32.022 -0.323 -0.317 67.9 73.7 N 0.0
32.022 32.032 -0.227 -0.217 69.4 75.2 N 0.0
32.03 32.04 -0.333 -0.323 69.5 72.1 N 0.0
32.04 32.05 0.055 0.065 94.0 96.8 N 0.0
32.047 32.051 -0.342 -0.338 69.2 72.8 N 0.0
32.072 32.078 0.121 0.127 94.4 100.2 N 0.0
32.087 32.091 -0.014 -0.01 99.3 101.5 N 0.0
32.091 32.095 -0.504 -0.5 52.6 58.4 N 0.0
32.092 32.102 0.071 0.081 93.8 99.2 N 0.0
32.102 32.108 0.099 0.105 93.3 95.3 N 0.0
32.103 32.111 -0.382 -0.374 68.7 74.5 N 0.0
32.114 32.124 0.087 0.097 93.6 99.4 N 0.0
32.115 32.123 -0.054 -0.046 39.15 41.45 N 0.0
32.118 32.128 -0.163 -0.153 39.6 45.4 F 1.0
32.141 32.149 0.168 0.176 93.5 99.3 N 0.0
32.146 32.156 0.129 0.139 91.0 96.8 N 0.0
32.164 32.17 0.169 0.175 93.4 99.2 N 0.0
32.168 32.174 0.169 0.175 93.4 99.2 N 0.0
32.197 32.205 0.148 0.156 91.6 97.4 N 0.0
32.269 32.277 -0.23 -0.222 21.4 23.8 F 1.0
32.307 32.315 -0.416 -0.408 69.5 75.3 N 0.0
32.368 32.378 0.077 0.087 41.5 44.5 F 1.0
32.403 32.411 0.074 0.082 41.7 43.7 F 1.0
32.413 32.417 -0.46 -0.456 16.8 22.6 N 0.0
32.5 32.51 0.252 0.264 48.85 51.35 N 0.0
32.58 32.59 0.291 0.301 72.8 78.6 N 0.0
32.597 32.605 -0.036 -0.028 76.25 79.15 F 1.0
32.601 32.605 -0.276 -0.272 87.0 92.8 N 0.0
32.647 32.659 -0.256 -0.244 86.2 92.0 N 0.0
32.695 32.699 -0.302 -0.298 87.1 92.9 N 0.0
32.696 32.706 0.101 0.111 92.4 98.2 N 0.0
32.7 32.706 0.489 0.495 5.9 11.7 N 0.0
32.735 32.739 0.16 0.164 17.4 23.2 N 0.0
32.733 32.745 0.188 0.2 18.0 20.6 F 1.0
32.779 32.783 0.172 0.176 16.8 22.6 F 1.0
32.794 32.804 0.187 0.197 11.4 17.2 F 1.0
32.824 32.834 0.347 0.357 7.65 10.35 N 0.0
32.84 32.846 0.407 0.413 89.9 95.7 N 0.0
32.841 32.849 0.352 0.36 6.1 11.9 N 0.0
32.858 32.868 -0.417 -0.407 45.7 51.5 F 1.0
32.873 32.881 0.332 0.34 6.2 12.0 N 0.0
32.875 32.887 -0.46 -0.448 46.3 52.1 F 1.0
32.904 32.91 -0.479 -0.473 46.1 51.9 N 0.0
32.959 32.967 -0.326 -0.318 46.3 52.1 F 1.0
32.963 32.967 -0.342 -0.338 46.6 52.4 F 1.0
32.966 32.972 -0.313 -0.307 46.3 52.1 F 1.0
32.976 32.982 -0.077 -0.071 86.3 92.1 N 0.0
32.991 32.995 -0.55 -0.546 47.3 53.1 N 0.0
33.133 33.141 -0.026 -0.018 99.4 105.2 F 1.0
33.325 33.329 -0.026 -0.022 98.9 104.7 N 0.0
33.328 33.342 -0.537 -0.523 90.55 93.45 N 0.0
33.365 33.373 -0.01 -0.002 71.15 73.85 N 0.0
33.413 33.425 -0.01 0.002 72.0 77.8 F 1.0
33.417 33.425 0.122 0.13 81.8 84.4 N 0.0
33.549 33.557 -0.044 -0.036 99.3 106.7 N 0.0
33.559 33.567 0.022 0.03 70.3 73.7 N 0.0
33.595 33.603 -0.49 -0.482 59.6 65.4 N 0.0
33.635 33.643 -0.23 -0.222 58.5 65.3 F 1.0
33.729 33.749 -0.026 -0.006 102.85 106.95 N 0.0
33.779 33.791 -0.176 -0.164 49.85 53.55 F 1.0
33.805 33.817 -0.164 -0.152 49.6 55.4 F 1.0
33.814 33.82 -0.215 -0.209 45.85 49.95 N 0.0
33.999 34.007 0.208 0.216 58.15 60.45 N 0.0
34.024 34.034 -0.319 -0.309 8.2 14.0 N 0.0
34.038 34.052 0.055 0.069 33.3 39.1 F 1.0
34.039 34.051 0.15 0.162 52.3 58.1 N 0.0
34.084 34.094 0.435 0.445 30.95 35.65 F 1.0
34.083 34.099 0.008 0.024 54.7 60.5 N 0.0
34.111 34.123 -0.272 -0.26 54.8 60.6 N 0.0
34.121 34.137 0.066 0.082 55.75 57.85 N 0.0
34.127 34.135 0.468 0.476 32.4 38.2 F 1.0
34.153 34.161 -0.35 -0.342 52.3 54.5 N 0.0
34.164 34.17 0.087 0.093 54.15 59.25 N 0.0
34.188 34.194 -0.593 -0.587 55.3 61.1 N 0.0
34.197 34.205 0.274 0.282 58.35 60.85 N 0.0
34.218 34.228 0.051 0.061 54.2 60.0 N 0.0
34.223 34.239 0.126 0.142 56.4 59.6 N 0.0
34.242 34.256 0.211 0.225 55.7 61.5 N 0.0
34.248 34.262 0.191 0.205 57.4 59.8 N 0.0
34.247 34.267 0.144 0.164 56.95 59.45 N 0.0
34.272 34.294 0.173 0.195 53.3 59.1 N 0.0
34.363 34.375 0.196 0.208 55.8 57.6 N 0.0
34.366 34.376 0.233 0.243 57.25 59.55 N 0.0
34.402 34.42 0.225 0.243 54.3 60.1 N 0.0
34.448 34.458 0.001 0.011 85.4 91.2 F 1.0
34.452 34.466 0.241 0.255 56.4 62.2 N 0.0
34.478 34.484 0.123 0.129 60.4 66.2 N 0.0
34.483 34.491 0.286 0.294 57.3 60.1 N 0.0
34.515 34.531 0.306 0.322 58.35 60.45 N 0.0
34.538 34.544 0.323 0.329 56.9 62.7 N 0.0
34.547 34.555 -0.48 -0.472 29.4 35.2 N 0.0
34.556 34.57 -0.453 -0.439 29.4 35.2 N 0.0
34.566 34.572 0.331 0.337 56.3 62.1 N 0.0
34.586 34.596 0.237 0.247 -27.0 -21.2 F 1.0
34.682 34.688 0.067 0.073 45.0 51.8 F 1.0
34.702 34.708 0.301 0.307 56.75 60.25 N 0.0
34.71 34.716 -0.597 -0.591 42.95 46.25 N 0.0
34.716 34.726 -0.445 -0.435 39.95 43.65 N 0.0
34.73 34.736 -0.569 -0.563 41.25 43.15 N 0.0
34.734 34.744 -0.125 -0.115 77.75 80.45 N 0.0
34.754 34.772 0.349 0.367 52.65 55.35 N 0.0
34.762 34.768 -0.531 -0.525 32.75 38.85 N 0.0
34.772 34.79 -0.571 -0.553 40.6 42.8 N 0.0
34.816 34.826 0.061 0.071 45.9 51.7 N 0.0
34.827 34.835 0.448 0.456 55.9 58.9 N 0.0
34.829 34.841 0.422 0.434 55.0 60.8 N 0.0
34.838 34.848 -0.057 -0.047 46.6 52.4 F 1.0
34.842 34.848 0.059 0.065 83.55 86.65 N 0.0
34.84 34.85 0.317 0.327 50.6 56.4 N 0.0
34.852 34.858 -0.529 -0.523 44.0 49.8 N 0.0
34.86 34.866 0.415 0.421 55.5 60.3 N 0.0
34.9 34.906 -0.425 -0.419 44.0 47.0 N 0.0
34.903 34.911 -0.404 -0.396 42.2 45.8 N 0.0
34.913 34.921 0.13 0.138 39.2 45.0 N 0.0
34.922 34.928 0.439 0.445 49.85 52.95 N 0.0
34.94 34.95 0.339 0.349 50.65 53.75 N 0.0
35.015 35.019 0.136 0.14 50.15 52.65 N 0.0
35.016 35.034 0.341 0.359 51.0 54.8 N 0.0
35.025 35.033 -0.488 -0.48 47.7 53.5 F 1.0
35.032 35.038 -0.415 -0.409 39.5 45.3 N 0.0
35.035 35.051 0.316 0.332 48.35 55.65 N 0.0
35.037 35.049 -0.48 -0.468 49.45 52.95 F 1.0
35.064 35.07 0.307 0.313 49.5 52.5 N 0.0
35.13 35.14 0.333 0.343 48.6 54.4 N 0.0
35.178 35.184 0.321 0.327 49.65 53.55 N 0.0
35.178 35.188 0.463 0.473 51.55 55.05 N 0.0
35.211 35.215 0.484 0.488 89.5 95.3 N 0.0
35.212 35.218 0.477 0.483 90.65 93.75 N 0.0
35.253 35.261 -0.278 -0.27 58.9 62.1 N 0.0
35.284 35.29 -0.543 -0.537 33.2 39.0 N 0.0
35.304 35.31 0.251 0.257 67.8 73.6 N 0.0
35.319 35.323 -0.38 -0.376 42.9 48.7 N 0.0
35.325 35.329 0.434 0.438 90.9 96.7 N 0.0
35.329 35.337 -0.386 -0.378 41.9 47.7 N 0.0
35.42 35.43 0.427 0.437 95.05 96.95 N 0.0
35.424 35.434 0.133 0.143 72.5 78.3 N 0.0
35.437 35.441 0.28 0.284 46.7 49.1 N 0.0
35.44 35.446 -0.013 -0.007 92.0 97.8 F 1.0
35.473 35.489 -0.303 -0.287 42.35 47.05 N 0.0
35.491 35.503 -0.025 -0.013 56.85 59.95 F 1.0
35.508 35.522 -0.04 -0.026 54.15 56.85 F 1.0
35.516 35.53 -0.28 -0.266 42.8 48.6 N 0.0
35.523 35.527 0.091 0.095 77.9 80.1 N 0.0
35.545 35.549 0.059 0.063 49.0 52.2 F 1.0
35.547 35.555 0.145 0.153 81.3 85.7 N 0.0
35.558 35.568 0.146 0.156 80.5 86.3 N 0.0
35.565 35.585 0.057 0.077 48.0 53.0 F 1.0
35.573 35.581 -0.035 -0.027 49.35 56.65 F 1.0
35.572 35.582 0.004 0.014 51.4 56.4 F 1.0
35.585 35.593 0.147 0.155 80.2 86.0 N 0.0
35.589 35.597 -0.373 -0.365 52.65 56.35 N 0.0
35.587 35.603 -0.029 -0.013 51.2 57.0 F 1.0
35.597 35.605 -0.545 -0.537 53.2 58.0 N 0.0
35.598 35.604 -0.232 -0.226 42.6 48.4 N 0.0
35.6 35.61 -0.252 -0.242 42.8 45.2 N 0.0
35.603 35.611 0.109 0.117 82.7 88.5 N 0.0
35.653 35.665 0.181 0.193 26.3 32.1 N 0.0
35.664 35.674 -0.052 -0.042 48.55 51.65 F 1.0
35.675 35.687 -0.181 -0.169 25.1 30.9 N 0.0
35.678 35.692 -0.016 -0.002 48.9 54.7 F 1.0
35.681 35.693 -0.063 -0.051 48.1 53.9 F 1.0
35.686 35.692 -0.096 -0.09 49.3 51.5 F 1.0
35.699 35.703 -0.039 -0.035 48.9 54.7 F 1.0
35.708 35.714 -0.026 -0.02 48.2 53.4 F 1.0
35.831 35.843 -0.233 -0.221 26.55 29.05 N 0.0
35.999 36.007 -0.403 -0.395 56.6 62.4 N 0.0
36.331 36.339 0.171 0.179 27.75 30.25 N 0.0
36.341 36.349 -0.089 -0.081 30.55 33.65 N 0.0
36.366 36.372 0.14 0.146 55.15 58.05 N 0.0
36.406 36.416 0.116 0.126 54.35 57.25 N 0.0
36.45 36.46 -0.194 -0.184 71.9 77.7 F 1.0
36.473 36.481 -0.163 -0.155 73.3 79.1 F 1.0
36.504 36.514 -0.132 -0.122 74.2 77.4 N 0.0
36.637 36.643 -0.11 -0.104 51.2 53.2 N 0.0
36.663 36.673 -0.118 -0.108 51.05 54.75 N 0.0
36.746 36.754 -0.155 -0.147 51.5 57.3 N 0.0
36.862 36.866 -0.125 -0.121 77.35 81.25 F 1.0
36.895 36.905 -0.414 -0.404 76.5 82.3 N 0.0
36.918 36.922 0.481 0.485 -31.6 -29.0 F 1.0
37.196 37.204 -0.423 -0.415 33.6 39.4 F 1.0
37.336 37.348 -0.067 -0.055 54.85 56.55 F 1.0
37.365 37.375 -0.24 -0.23 39.2 41.8 F 1.0
37.436 37.444 0.135 0.143 38.9 41.3 N 0.0
37.44 37.448 -0.055 -0.047 55.25 60.55 F 1.0
37.456 37.464 -0.063 -0.055 54.65 57.75 F 1.0
37.469 37.479 -0.108 -0.098 56.95 60.45 F 1.0
37.489 37.495 0.146 0.152 16.8 19.6 N 0.0
37.495 37.501 0.528 0.534 6.65 12.35 N 0.0
37.558 37.562 0.147 0.151 40.5 43.1 N 0.0
37.654 37.666 -0.165 -0.153 45.9 51.7 F 1.0
37.663 37.677 0.12 0.134 82.6 88.4 F 1.0
37.687 37.693 0.258 0.264 88.8 91.6 N 0.0
37.736 37.74 -0.213 -0.209 62.55 64.85 F 1.0
37.75 37.758 0.193 0.201 42.65 46.95 N 0.0
37.759 37.769 -0.22 -0.21 61.2 67.0 F 1.0
37.813 37.823 -0.388 -0.378 66.3 67.7 F 1.0
37.819 37.825 -0.35 -0.344 65.0 67.0 F 1.0
37.87 37.878 -0.403 -0.395 57.4 63.2 F 1.0
37.904 37.912 -0.363 -0.355 60.6 63.4 F 1.0
37.905 37.915 -0.404 -0.394 57.95 62.65 F 1.0
37.972 37.976 -0.099 -0.095 -34.15 -29.45 F 1.0
38.013 38.019 -0.014 -0.008 60.45 62.95 F 1.0
38.033 38.039 -0.046 -0.04 53.3 56.3 F 1.0
38.551 38.557 0.16 0.166 27.55 31.45 F 1.0
38.648 38.66 0.079 0.091 -37.45 -35.55 F 1.0
38.681 38.687 0.184 0.19 79.5 82.3 N 0.0
38.683 38.689 -0.228 -0.222 43.45 46.35 N 0.0
38.806 38.81 -0.173 -0.169 65.5 68.9 F 1.0
38.844 38.852 -0.431 -0.423 41.2 44.0 N 0.0
38.871 38.881 0.304 0.314 -17.75 -14.65 F 1.0
38.95 38.966 -0.475 -0.459 41.1 42.9 N 0.0
39.096 39.104 0.487 0.495 22.15 24.85 N 0.0
39.101 39.107 0.514 0.52 19.3 25.1 N 0.0
39.192 39.2 0.221 0.229 -28.25 -24.75 F 1.0
39.248 39.264 -0.067 -0.051 22.35 25.45 F 1.0
39.475 39.485 -0.294 -0.284 54.5 60.3 N 0.0
39.479 39.485 -0.184 -0.178 49.15 51.45 N 0.0
39.494 39.502 -0.205 -0.197 54.05 57.95 F 1.0
39.525 39.531 -0.464 -0.458 16.95 18.85 N 0.0
39.668 39.676 -0.465 -0.457 16.4 18.6 N 0.0
39.724 39.732 -0.403 -0.395 59.85 61.75 F 1.0
39.845 39.851 -0.392 -0.386 59.25 61.75 F 1.0
39.88 39.888 -0.351 -0.343 57.0 59.4 F 1.0
39.919 39.929 -0.382 -0.372 56.8 60.6 F 1.0
39.925 39.931 -0.164 -0.158 56.7 60.1 F 1.0
40.279 40.289 -0.224 -0.214 72.8 75.0 F 1.0
40.906 40.914 -0.255 -0.247 23.3 29.1 N 0.0
41.077 41.083 -0.246 -0.24 58.55 61.05 F 1.0
41.1 41.108 -0.241 -0.233 57.1 62.9 F 1.0
41.116 41.132 -0.227 -0.211 56.6 62.4 F 1.0
41.132 41.14 -0.197 -0.189 58.4 64.2 F 1.0
41.22 41.224 0.359 0.363 69.0 74.8 N 0.0
41.22 41.228 0.391 0.399 70.05 71.75 N 0.0
41.308 41.316 -0.173 -0.165 56.15 58.45 N 0.0
41.351 41.357 0.402 0.408 11.4 17.2 F 1.0
41.374 41.382 0.031 0.039 57.85 60.15 N 0.0
41.592 41.596 0.159 0.163 17.1 20.7 F 1.0
41.74 41.744 0.095 0.099 12.2 14.2 F 1.0
41.879 41.885 0.492 0.498 19.85 21.95 N 0.0
42.04 42.048 0.207 0.215 16.2 18.8 F 1.0
42.107 42.113 -0.45 -0.444 54.15 56.85 F 1.0
42.165 42.171 -0.08 -0.074 37.55 41.05 F 1.0
42.24 42.244 0.341 0.345 -40.25 -38.35 F 1.0
42.429 42.443 -0.266 -0.252 63.9 67.3 N 0.0
43.119 43.129 0.024 0.034 6.45 8.75 F 1.0
43.145 43.155 0.008 0.018 7.0 9.0 F 1.0
43.175 43.185 -0.524 -0.514 57.1 58.7 F 1.0
43.313 43.319 -0.212 -0.206 59.55 62.05 N 0.0
44.119 44.125 0.283 0.289 51.65 54.35 F 1.0
44.288 44.296 0.032 0.04 55.1 57.9 F 1.0
44.385 44.391 -0.409 -0.403 64.05 66.35 N 0.0
44.47 44.478 -0.108 -0.1 57.5 63.3 F 1.0
44.483 44.489 -0.139 -0.133 59.4 62.4 F 1.0
44.518 44.526 0.382 0.39 -48.55 -46.45 F 1.0
45.068 45.076 0.128 0.136 57.0 62.8 F 1.0
45.118 45.126 0.128 0.136 56.3 62.1 F 1.0
45.165 45.171 0.089 0.095 55.9 61.7 F 1.0
45.421 45.431 0.075 0.085 53.8 57.2 F 1.0
45.446 45.462 0.052 0.068 57.0 60.6 F 1.0
45.475 45.481 -0.003 0.003 55.6 61.4 F 1.0
45.525 45.531 0.117 0.123 55.4 61.2 F 1.0
45.621 45.627 -0.043 -0.037 6.9 8.9 F 1.0
45.634 45.646 -0.02 -0.008 4.95 9.85 F 1.0
45.773 45.779 -0.257 -0.251 56.9 62.7 F 1.0
45.801 45.807 -0.359 -0.353 57.2 63.0 F 1.0
45.819 45.829 -0.289 -0.279 59.8 61.6 F 1.0
45.857 45.863 0.285 0.291 62.15 65.05 N 0.0
45.932 45.94 -0.406 -0.398 59.4 65.2 F 1.0
46.172 46.176 -0.526 -0.522 49.45 50.75 N 0.0
46.177 46.183 0.531 0.537 13.05 14.55 N 0.0
46.196 46.2 0.53 0.534 11.65 14.15 N 0.0
46.467 46.473 -0.193 -0.187 53.0 55.0 N 0.0
46.49 46.502 -0.26 -0.248 53.2 54.8 N 0.0
47.037 47.043 -0.257 -0.251 38.85 42.35 N 0.0
48.54 48.546 0.036 0.042 13.2 19.0 F 1.0
48.574 48.584 0.05 0.06 14.8 17.0 F 1.0
48.595 48.603 0.243 0.251 7.55 9.65 F 1.0
48.599 48.611 0.017 0.029 16.8 19.6 F 1.0
48.608 48.618 0.212 0.222 4.9 10.7 F 1.0
48.621 48.633 0.011 0.023 14.5 20.3 F 1.0
48.65 48.66 0.222 0.232 11.0 13.8 F 1.0
48.671 48.679 -0.251 -0.243 33.3 35.9 N 0.0
48.674 48.68 -0.25 -0.244 33.8 35.8 N 0.0
49.353 49.365 -0.155 -0.143 45.0 50.8 F 1.0
49.36 49.378 -0.31 -0.292 48.3 54.1 F 1.0
49.372 49.382 -0.264 -0.254 49.55 51.65 F 1.0
49.377 49.381 -0.187 -0.183 44.9 50.7 F 1.0
49.395 49.407 -0.219 -0.207 47.45 49.55 F 1.0
49.413 49.421 0.321 0.329 -24.3 -18.5 F 1.0
49.42 49.426 -0.312 -0.306 51.4 52.8 F 1.0
49.828 49.834 0.366 0.372 2.1 7.9 F 1.0
49.834 49.84 0.376 0.382 3.5 9.3 F 1.0
50.055 50.063 0.059 0.067 50.9 56.7 F 1.0
50.396 50.406 -0.426 -0.416 37.2 43.0 N 0.0
52.485 52.489 -0.175 -0.171 18.6 24.4 F 1.0
52.749 52.753 0.334 0.338 13.6 16.6 F 1.0
52.944 52.95 0.401 0.407 44.4 45.6 N 0.0
52.995 52.999 -0.272 -0.268 22.45 24.95 F 1.0
53.005 53.009 0.078 0.082 1.8 7.6 F 1.0
53.03 53.04 0.107 0.117 4.35 6.05 F 1.0
53.122 53.128 -0.169 -0.163 22.3 24.1 N 0.0
53.154 53.16 0.211 0.217 1.4 3.8 F 1.0
53.171 53.179 0.18 0.188 4.65 6.75 F 1.0
53.184 53.194 0.155 0.165 2.8 8.6 F 1.0
53.256 53.262 0.037 0.043 21.9 27.7 N 0.0
53.296 53.302 0.043 0.049 22.2 28.0 N 0.0
53.312 53.318 0.009 0.015 18.9 24.7 N 0.0
53.314 53.32 0.027 0.033 19.8 25.6 N 0.0
53.615 53.623 0.234 0.242 34.3 40.1 F 1.0
53.627 53.635 0.206 0.214 33.4 39.2 F 1.0
53.735 53.743 0.008 0.016 22.95 24.65 N 0.0
59.724 59.728 0.006 0.01 21.9 24.7 N 0.0
59.779 59.789 0.063 0.073 21.65 23.35 N 0.0
60.011 60.017 0.113 0.119 19.8 25.6 N 0.0
71.145 71.149 0.398 0.402 -20.8 -15.0 F 1.0
73.65 73.656 0.191 0.197 -76.1 -70.3 F 1.0
75.695 75.709 0.335 0.349 -5.2 0.6 F 1.0
75.752 75.764 0.336 0.348 -4.5 1.3 F 1.0
75.778 75.79 0.338 0.35 -0.1 5.7 F 1.0
75.828 75.84 0.394 0.406 -1.3 4.5 F 1.0
75.833 75.847 0.361 0.375 -1.2 4.6 F 1.0
75.863 75.869 0.267 0.273 1.3 7.1 F 1.0
76.149 76.163 -0.291 -0.277 -31.5 -25.7 F 1.0
77.606 77.612 0.553 0.559 -76.5 -70.7 F 1.0
78.228 78.234 0.015 0.021 -37.4 -31.6 F 1.0
78.466 78.472 -0.185 -0.179 -63.7 -57.9 F 1.0
78.883 78.891 0.706 0.714 -6.1 -3.9 F 1.0
79.283 79.295 1.298 1.31 -43.2 -37.4 F 1.0
79.304 79.314 1.303 1.313 -44.1 -38.3 F 1.0
79.324 79.33 1.289 1.295 -45.7 -39.9 F 1.0
79.346 79.352 1.361 1.367 -42.85 -41.15 F 1.0
79.924 79.928 0.908 0.912 -45.3 -39.5 F 1.0
80.349 80.355 0.713 0.719 -66.1 -63.9 F 1.0
80.35 80.358 0.708 0.716 -66.9 -63.1 F 1.0
80.519 80.527 0.716 0.724 -31.6 -28.2 F 1.0
80.632 80.638 1.285 1.291 -66.05 -62.95 F 1.0
81.403 81.407 1.034 1.038 -67.05 -64.35 F 1.0
84.946 84.954 -0.696 -0.688 -37.4 -31.6 F 1.0
84.98 84.988 -0.536 -0.528 -46.9 -41.1 F 1.0
85.234 85.238 0.018 0.022 -38.4 -32.6 F 1.0
85.255 85.261 0.007 0.013 -34.6 -28.8 F 1.0
85.407 85.413 0.001 0.007 -39.5 -33.7 F 1.0
