lonMin lonMax latMin latMax velMin velMax KDA pFar
53.38 53.8 -0.055 0.135 22.745 24.735 F 1.0
18.755 19.025 -0.65 -0.37 64.42 67.22 N 0.0
30.33 30.65 -0.49 -0.23 9.98 14.54 N 0.0
34.99 35.29 -0.85 -0.67 32.72 37.72 N 0.0
34.015 34.465 -0.04 0.32 54.76 60.74 N 0.0
19.78 20.1 -0.9 -0.72 41.465 44.275 N 0.0
23.215 23.665 -0.415 -0.005 98.225 103.975 N 0.0
38.795 39.085 -0.6 -0.32 40.105 43.075 F 1.0
23.335 23.545 -0.295 -0.125 101.93 105.37 N 0.0
30.665 30.915 -0.215 0.095 91.67 97.79 N 0.0
53.0 53.28 -0.125 0.205 20.845 23.235 N 0.0
22.295 22.585 0.215 0.465 83.115 85.925 N 0.0
24.26 24.72 0.33 0.65 99.76 105.0 N 0.0
19.185 19.595 -0.125 0.105 24.78 28.66 N 0.0
34.6 34.88 -0.855 -0.465 44.525 48.855 N 0.0
22.795 23.285 -0.555 -0.265 72.22 76.42 N 0.0
18.56 18.82 -0.155 0.035 43.49 47.35 F 1.0
18.08 18.3 -0.45 -0.17 48.015 52.165 N 0.0
25.48 25.8 -0.245 0.025 92.49 95.27 N 0.0
24.58 25.0 -0.125 0.305 108.825 112.075 N 0.0
23.02 23.46 -0.525 -0.195 75.935 78.665 N 0.0
19.73 20.05 -0.68 -0.44 42.19 46.09 N 0.0
21.915 22.165 -0.115 0.495 47.965 53.915 N 0.0
24.205 24.575 -0.03 0.31 111.315 115.545 N 0.0
30.385 30.695 -0.2 0.08 90.885 96.015 N 0.0
33.75 34.33 -0.495 -0.125 10.74 12.94 F 1.0
18.69 19.09 -0.795 -0.525 62.275 65.965 N 0.0
23.16 23.52 -0.35 -0.07 78.99 83.25 N 0.0
23.96 24.52 0.105 0.375 112.15 116.41 N 0.0
34.74 35.24 0.185 0.495 51.27 54.87 N 0.0
24.285 24.495 -0.095 0.175 115.325 116.635 N 0.0
25.285 25.595 -0.315 -0.005 93.835 97.325 N 0.0
29.4 29.88 -0.845 -0.375 73.64 77.56 N 0.0
30.165 30.515 -0.09 0.27 94.295 97.705 N 0.0
18.82 19.06 -0.375 -0.145 63.185 65.915 N 0.0
28.645 29.035 -0.425 -0.095 85.73 90.13 N 0.0
24.77 25.11 -0.31 -0.01 44.88 49.36 N 0.0
28.81 29.07 -0.335 -0.085 93.865 97.295 N 0.0
25.105 25.275 -0.395 -0.125 62.48 64.92 N 0.0
19.685 19.995 -0.535 -0.285 68.415 71.725 N 0.0
19.04 19.24 0.0 0.18 44.75 47.79 N 0.0
18.725 19.055 -0.16 0.24 47.93 51.41 F 1.0
24.47 24.81 -0.66 -0.26 59.55 63.59 F 1.0
22.43 22.75 -0.375 -0.045 75.875 80.425 N 0.0
23.805 24.175 -0.005 0.285 78.14 81.56 N 0.0
28.45 28.73 -0.465 0.045 84.655 89.505 N 0.0
18.84 19.24 -0.805 -0.415 66.16 69.74 N 0.0
27.135 27.645 -0.345 0.025 90.65 94.55 N 0.0
18.355 18.725 -0.335 0.015 49.735 53.005 N 0.0
20.48 20.9 -0.225 0.305 6.13 8.19 N 0.0
27.79 28.19 -0.53 -0.39 44.47 47.21 N 0.0
22.7 23.18 -0.345 0.025 62.975 67.825 N 0.0
29.775 30.105 -0.825 -0.695 82.385 85.815 N 0.0
28.085 28.295 -0.175 0.055 96.545 99.715 N 0.0
20.665 20.915 -0.17 0.05 57.295 61.605 F 1.0
29.02 29.26 -0.405 -0.215 92.905 96.555 N 0.0
20.02 20.26 -0.95 -0.67 39.2 41.44 N 0.0
22.545 22.835 -0.595 -0.325 74.87 78.87 N 0.0
25.635 25.845 0.185 0.295 108.665 112.235 N 0.0
18.955 19.225 -0.355 -0.165 63.86 66.94 N 0.0
28.085 28.595 -0.15 0.23 75.9 81.24 N 0.0
22.82 23.36 0.22 1.06 34.595 39.245 F 1.0
34.635 35.045 0.195 0.485 57.075 60.125 N 0.0
21.305 21.575 -0.825 -0.595 53.96 56.42 N 0.0
34.22 34.56 -0.865 -0.555 10.89 12.79 N 0.0
35.32 35.66 -0.41 -0.21 43.48 46.5 N 0.0
35.685 35.995 -0.32 -0.1 27.53 29.31 N 0.0
34.2 34.58 -1.0 -0.82 12.75 14.33 N 0.0
45.97 46.41 -0.76 -0.36 48.865 53.015 N 0.0
26.17 26.41 -0.21 0.09 98.77 102.59 N 0.0
29.38 29.7 0.08 0.3 77.81 81.89 N 0.0
24.38 24.7 -0.275 -0.045 42.515 45.765 N 0.0
21.205 21.575 -0.745 -0.375 51.51 56.33 N 0.0
19.835 20.045 -0.32 -0.1 64.17 68.33 N 0.0
39.02 39.56 -0.7 -0.52 62.81 66.29 N 0.0
24.165 24.615 -0.55 -0.27 42.035 44.545 N 0.0
23.8 24.38 0.185 0.695 92.28 97.18 N 0.0
42.955 43.425 -0.245 0.225 7.93 15.75 F 1.0
20.265 20.515 0.51 0.87 5.915 6.705 N 0.0
20.45 20.63 0.74 0.94 5.415 6.365 N 0.0
24.485 24.695 -0.46 -0.26 42.545 44.895 N 0.0
23.005 23.475 -0.68 -0.34 60.39 63.61 N 0.0
28.975 29.305 -0.11 0.19 96.165 98.395 N 0.0
38.1 38.58 -1.02 -0.8 15.96 17.92 N 0.0
24.515 24.765 -0.3 -0.02 111.46 114.54 N 0.0
36.41 36.77 -0.24 0.12 51.55 55.43 N 0.0
30.535 30.845 -0.115 0.195 75.11 83.73 N 0.0
36.5 36.98 -0.355 0.035 52.55 57.83 N 0.0
23.37 23.71 0.09 0.39 79.98 85.66 F 1.0
17.895 18.085 0.02 0.16 21.575 24.205 N 0.0
18.1 18.38 -0.425 -0.095 65.245 68.095 N 0.0
18.855 19.125 -0.225 0.105 59.15 63.15 N 0.0
25.445 25.935 0.83 1.25 42.38 45.06 N 0.0
29.195 29.385 -0.78 -0.44 62.155 66.085 N 0.0
23.94 24.44 -0.2 0.18 50.565 54.715 N 0.0
20.525 20.855 -0.53 -0.09 61.13 64.57 N 0.0
27.605 27.875 -0.005 0.185 98.925 102.435 N 0.0
18.345 18.835 -0.54 -0.08 44.76 47.78 N 0.0
21.655 22.125 -0.765 -0.355 51.56 57.98 N 0.0
22.84 23.44 -0.49 -0.23 55.86 58.78 N 0.0
53.57 53.91 0.345 0.635 23.35 24.97 N 0.0
17.88 18.2 -0.565 -0.155 40.29 44.59 N 0.0
22.835 23.445 -0.605 -0.315 55.435 58.365 N 0.0
28.875 29.105 -0.8 -0.62 50.8 54.48 N 0.0
47.035 47.745 -0.995 -0.825 6.42 7.9 N 0.0
18.15 18.43 -0.405 -0.115 66.17 70.57 N 0.0
19.625 20.055 -0.555 -0.165 42.8 47.18 N 0.0
40.975 41.405 -0.4 -0.02 57.16 62.58 F 1.0
29.565 30.015 -0.35 -0.07 87.925 91.335 F 1.0
35.24 35.64 -0.325 0.005 43.785 47.055 N 0.0
24.325 24.755 -0.43 0.01 98.52 101.98 N 0.0
29.05 29.33 -0.085 0.165 94.325 97.675 N 0.0
18.075 18.205 0.24 0.54 21.66 24.12 N 0.0
35.89 36.09 -0.125 0.005 29.12 30.26 N 0.0
30.8 31.28 0.22 0.46 74.775 80.665 N 0.0
22.4 22.68 -0.155 0.135 68.775 72.225 N 0.0
22.585 22.895 -0.4 -0.12 102.52 109.04 N 0.0
35.4 35.78 -0.38 -0.14 43.88 46.96 N 0.0
23.9 24.28 -0.045 0.325 51.345 55.635 F 1.0
23.275 23.705 -0.755 -0.265 60.755 65.785 N 0.0
35.26 35.62 0.05 0.23 74.1 78.8 F 1.0
24.98 25.4 -0.015 0.295 103.535 107.165 N 0.0
24.38 24.6 -0.86 -0.56 46.675 50.105 N 0.0
35.48 35.7 -0.06 0.24 49.255 51.785 N 0.0
27.775 28.105 -0.36 -0.06 95.045 97.815 N 0.0
21.005 21.275 0.455 0.625 7.535 8.485 N 0.0
26.25 26.63 -0.82 -0.5 62.7 66.4 N 0.0
19.245 19.735 0.13 0.45 5.97 7.51 N 0.0
49.91 50.27 0.49 0.69 -3.08 0.4 N 0.0
27.375 27.905 -0.03 0.21 81.115 85.385 N 0.0
22.505 22.775 -0.255 0.035 4.43 5.65 F 1.0
35.37 35.71 -0.255 0.135 52.42 56.26 N 0.0
25.985 26.495 0.025 0.255 95.185 98.515 N 0.0
23.36 23.82 -0.15 0.23 102.875 107.825 N 0.0
29.7 30.08 -0.41 -0.11 95.115 98.585 F 1.0
28.425 28.755 -0.055 0.135 100.07 102.99 N 0.0
21.485 21.695 0.225 0.755 7.84 9.04 N 0.0
42.14 42.74 -0.615 -0.305 10.475 11.505 N 0.0
30.845 31.135 -0.2 -0.02 75.995 80.305 N 0.0
30.405 30.775 -0.095 0.075 40.575 44.305 F 1.0
21.135 21.345 0.14 0.24 25.44 27.14 N 0.0
25.24 25.74 -0.17 0.05 61.675 64.025 N 0.0
36.31 36.67 -0.265 -0.055 74.515 79.225 F 1.0
52.615 53.365 -0.355 -0.165 22.78 24.7 N 0.0
25.41 25.97 -0.56 -0.16 11.22 14.16 N 0.0
50.275 50.505 -0.515 -0.305 39.12 43.22 N 0.0
29.64 29.94 0.085 0.295 81.98 84.52 F 1.0
41.475 42.105 -1.03 -0.79 10.07 12.75 N 0.0
20.095 20.285 0.835 1.045 5.875 6.745 N 0.0
30.48 30.8 -0.61 -0.31 92.9 96.56 N 0.0
35.69 35.99 0.165 0.315 28.505 30.035 N 0.0
50.105 50.375 -0.7 -0.52 39.08 43.26 N 0.0
34.96 35.22 -0.695 -0.325 49.055 51.985 N 0.0
23.67 24.11 -0.545 0.025 54.21 57.89 F 1.0
23.25 23.53 -0.23 0.01 50.965 55.175 F 1.0
21.105 21.675 -0.12 0.1 72.55 76.95 N 0.0
43.01 43.37 -0.67 -0.35 56.17 59.33 F 1.0
32.485 32.795 -0.42 -0.1 88.52 91.58 N 0.0
22.82 23.16 -0.175 0.155 78.34 82.2 N 0.0
27.015 27.165 -0.68 -0.44 85.255 87.205 N 0.0
23.675 24.505 -0.345 -0.075 79.83 84.11 N 0.0
22.81 23.37 0.025 0.355 105.015 109.085 N 0.0
22.78 23.3 -0.42 0.0 51.47 55.51 N 0.0
23.455 23.825 -0.06 0.34 76.88 79.42 N 0.0
24.85 25.23 -0.13 0.21 105.265 107.995 N 0.0
50.79 51.09 -0.75 -0.47 37.255 43.385 N 0.0
35.01 35.97 0.675 1.005 9.8 13.02 N 0.0
25.27 25.51 -0.54 -0.18 55.73 58.07 N 0.0
35.485 35.695 -1.005 -0.815 32.46 35.42 N 0.0
19.425 19.855 -0.825 -0.495 52.455 58.785 N 0.0
22.7 23.08 0.435 1.145 35.72 38.96 N 0.0
29.835 30.345 -0.675 0.055 69.005 71.995 N 0.0
18.16 18.62 -0.62 -0.2 42.455 46.685 N 0.0
39.05 39.63 -0.755 0.235 66.56 72.74 N 0.0
29.76 30.22 -0.665 -0.155 70.275 74.125 N 0.0
29.065 29.515 -0.275 0.055 77.135 81.705 N 0.0
30.685 30.995 -0.275 -0.045 50.935 54.345 N 0.0
22.2 22.48 -0.055 0.235 81.82 88.08 N 0.0
26.355 26.725 -0.525 -0.095 105.52 109.44 F 1.0
18.155 18.325 0.585 0.795 36.235 40.145 F 1.0
44.105 44.475 -0.165 0.245 55.07 58.73 F 1.0
41.62 41.86 -0.045 0.125 16.415 19.165 F 1.0
26.545 26.835 -0.15 0.23 98.025 102.475 N 0.0
43.635 44.145 -0.945 -0.675 52.935 55.745 N 0.0
32.51 32.77 0.41 0.67 8.26 9.46 N 0.0
28.325 28.655 0.115 0.265 99.84 102.36 N 0.0
31.085 31.395 -0.265 0.045 76.605 81.395 N 0.0
24.75 25.03 0.0 0.28 43.635 48.045 N 0.0
26.46 26.62 -0.865 -0.455 66.215 69.685 N 0.0
30.36 30.72 0.355 0.825 86.825 89.875 F 1.0
52.975 53.105 -0.145 0.325 3.425 6.655 F 1.0
26.175 26.605 0.705 0.975 45.615 49.465 F 1.0
25.34 25.54 -0.64 -0.38 57.28 59.92 N 0.0
24.885 25.395 -0.665 -0.155 53.63 56.75 N 0.0
48.305 48.875 -0.125 0.205 15.15 19.57 F 1.0
32.285 32.695 0.155 0.325 48.595 53.285 F 1.0
31.835 32.145 -0.685 -0.335 69.205 73.495 N 0.0
35.94 36.24 0.485 0.795 74.42 78.48 N 0.0
34.495 34.885 -0.255 0.235 42.02 44.56 N 0.0
35.76 36.32 -0.655 -0.265 57.91 61.83 N 0.0
25.64 25.94 0.585 0.995 47.64 50.84 N 0.0
55.25 55.43 0.03 0.35 28.67 31.57 F 1.0
22.68 23.0 0.025 0.155 3.735 5.485 N 0.0
23.91 24.57 -0.245 0.125 87.665 91.595 N 0.0
27.515 27.865 -0.26 0.04 74.005 78.035 N 0.0
29.235 29.545 -0.62 -0.2 76.68 80.46 N 0.0
48.52 48.76 -0.52 -0.1 31.7 36.18 F 1.0
25.375 25.505 -0.22 -0.1 63.335 65.765 N 0.0
38.62 38.96 -0.67 -0.35 64.07 68.43 F 1.0
34.465 34.815 -0.96 -0.56 52.58 57.8 N 0.0
44.58 44.8 -0.31 0.09 50.385 53.195 N 0.0
28.845 29.235 -0.65 -0.37 77.805 82.735 N 0.0
30.95 31.53 -0.14 0.12 41.39 47.75 F 1.0
21.26 21.92 -0.295 0.075 118.625 122.695 F 1.0
25.825 26.155 0.705 1.175 44.87 47.67 N 0.0
23.435 23.745 -0.16 0.04 53.235 56.305 N 0.0
20.915 21.265 0.2 0.48 7.265 7.915 N 0.0
27.745 27.935 -0.29 -0.13 42.99 45.29 N 0.0
34.495 34.885 -0.745 -0.275 81.185 83.615 N 0.0
21.715 21.965 -0.415 -0.105 77.675 82.865 N 0.0
27.95 28.53 0.065 0.415 85.01 90.85 F 1.0
25.75 26.13 -0.27 0.05 106.3 110.36 F 1.0
19.38 19.7 -0.695 -0.225 62.04 65.36 F 1.0
38.635 39.245 0.87 1.01 27.03 29.81 N 0.0
28.225 28.455 -0.52 -0.4 41.31 44.43 N 0.0
32.79 33.29 0.02 0.46 8.26 10.32 F 1.0
20.725 20.855 0.28 0.6 27.17 30.51 N 0.0
41.96 42.32 0.03 0.15 14.7 16.62 N 0.0
28.23 28.55 -0.165 0.145 97.505 100.455 N 0.0
18.805 19.075 0.24 0.84 55.59 58.21 F 1.0
20.645 20.735 -0.15 -0.07 104.0 105.86 N 0.0
39.9 40.28 -0.695 -0.325 54.815 60.685 F 1.0
25.17 25.41 -0.585 -0.335 57.585 59.615 N 0.0
24.7 24.98 -0.305 -0.015 87.785 93.175 N 0.0
34.4 34.88 -0.155 0.135 42.56 46.58 N 0.0
38.51 39.07 0.57 1.01 31.5 33.84 N 0.0
38.54 39.14 0.505 1.075 28.97 31.27 N 0.0
30.185 30.595 0.28 0.5 91.955 94.945 N 0.0
25.315 25.765 -0.48 -0.24 61.31 63.53 N 0.0
24.9 25.38 -0.68 -0.44 54.655 57.445 N 0.0
27.82 28.16 0.18 0.4 96.96 100.14 N 0.0
23.725 24.255 -0.2 -0.02 69.57 74.83 N 0.0
24.31 24.77 -0.31 0.09 93.51 96.79 F 1.0
30.35 30.53 0.29 0.59 43.895 46.085 N 0.0
30.88 31.2 0.62 0.86 48.885 52.155 N 0.0
18.78 19.0 -0.575 -0.245 24.245 26.635 N 0.0
46.325 46.655 -0.82 -0.6 24.715 27.025 N 0.0
34.495 34.985 0.46 0.72 43.365 48.315 N 0.0
22.255 22.525 0.195 0.685 59.225 62.215 N 0.0
25.53 25.95 0.035 0.345 98.91 102.45 F 1.0
35.62 35.76 -1.025 -0.795 55.73 58.91 N 0.0
17.845 18.035 -0.785 -0.535 39.07 43.27 F 1.0
52.16 52.32 0.67 0.81 2.96 6.26 F 1.0
32.87 33.41 -0.225 0.005 74.55 79.19 N 0.0
36.315 36.565 0.575 0.705 70.045 73.495 N 0.0
37.92 38.16 -0.495 -0.025 11.375 14.845 N 0.0
19.775 20.105 0.305 0.575 5.92 6.7 N 0.0
18.085 18.395 -0.58 -0.24 55.84 59.66 N 0.0
25.75 26.03 -0.115 0.295 99.365 102.835 N 0.0
35.81 36.27 -0.89 -0.63 11.8 14.42 N 0.0
29.015 29.265 -0.365 0.045 46.865 49.915 F 1.0
38.165 38.415 0.805 0.975 44.92 46.76 N 0.0
35.225 35.655 0.1 0.38 46.585 50.195 N 0.0
35.355 35.525 -0.135 0.215 14.06 15.56 N 0.0
26.435 26.745 0.305 0.575 84.18 88.28 F 1.0
30.225 30.655 -0.885 -0.635 9.975 14.545 N 0.0
52.32 52.46 -0.7 -0.52 32.795 35.945 N 0.0
31.64 31.74 -0.64 -0.28 78.79 81.75 N 0.0
42.15 42.53 0.245 0.535 14.765 15.715 F 1.0
26.815 27.065 -0.4 -0.22 67.38 70.22 F 1.0
23.735 24.145 -0.47 -0.15 71.21 74.89 N 0.0
26.955 27.625 0.04 0.24 30.395 35.785 F 1.0
21.14 21.54 -0.37 0.05 64.485 68.015 N 0.0
20.235 20.445 -0.255 0.235 6.28 7.2 N 0.0
42.98 43.3 -0.47 -0.25 39.47 42.87 N 0.0
36.805 37.175 0.75 1.03 11.43 13.95 N 0.0
30.46 30.82 0.37 0.81 82.2 85.14 N 0.0
19.3 19.88 -0.02 0.2 121.1 125.32 N 0.0
36.19 36.59 0.745 0.935 70.055 72.645 N 0.0
35.055 35.425 -0.685 -0.435 12.525 14.555 N 0.0
22.28 22.5 0.26 0.62 51.595 54.545 N 0.0
21.29 21.79 -0.36 0.14 72.37 74.57 N 0.0
29.155 29.425 -0.29 -0.03 45.995 49.085 N 0.0
28.715 28.965 -0.49 -0.23 100.01 102.19 N 0.0
39.785 40.195 -0.805 -0.615 12.98 14.1 N 0.0
25.85 26.13 -0.21 0.09 88.58 91.52 N 0.0
30.33 30.75 -0.72 -0.4 89.91 93.59 N 0.0
26.515 26.665 -0.025 0.205 24.245 29.195 N 0.0
27.785 28.095 -0.195 0.175 47.195 50.445 N 0.0
38.98 39.7 -0.43 -0.19 64.385 67.255 N 0.0
36.33 36.55 0.885 0.995 42.12 43.62 F 1.0
34.98 35.2 -0.47 -0.25 14.42 16.06 N 0.0
24.59 25.09 0.545 0.835 41.18 44.56 N 0.0
32.075 32.405 -0.035 0.215 81.145 84.495 F 1.0
40.84 41.24 -0.47 -0.05 35.86 42.22 F 1.0
23.525 23.855 0.385 0.695 80.96 86.38 F 1.0
38.005 38.375 -0.26 -0.06 61.395 64.305 N 0.0
25.35 25.63 -0.1 0.28 108.725 111.335 N 0.0
36.185 36.595 -0.17 0.15 29.095 31.985 N 0.0
34.655 34.825 -0.24 0.02 76.935 80.205 N 0.0
38.125 38.855 0.0 0.28 15.84 18.88 N 0.0
53.55 53.63 -0.935 -0.785 24.495 25.525 N 0.0
40.82 41.26 -0.44 -0.08 63.24 68.4 N 0.0
39.88 40.2 -0.955 -0.865 12.94 14.14 N 0.0
36.465 37.115 0.495 0.985 21.365 22.715 N 0.0
49.375 49.705 -0.97 -0.85 40.85 45.73 F 1.0
22.985 23.195 0.28 0.5 2.32 4.36 F 1.0
37.445 37.635 -0.175 0.355 40.885 43.995 N 0.0
25.755 26.025 0.205 0.475 97.465 99.635 N 0.0
30.225 30.855 0.02 0.26 36.63 40.61 N 0.0
34.665 34.915 -0.92 -0.7 35.625 38.215 N 0.0
24.97 25.21 0.59 0.79 38.83 41.81 N 0.0
28.295 28.885 -0.65 0.13 60.525 66.875 N 0.0
21.43 21.65 -0.145 0.125 67.16 69.58 F 1.0
17.83 18.05 -0.155 0.135 51.16 53.28 N 0.0
29.505 29.975 -0.47 -0.15 80.52 84.28 N 0.0
22.635 23.145 -0.075 0.455 83.44 89.86 N 0.0
37.745 38.035 -0.49 0.07 11.66 15.42 N 0.0
30.8 31.18 -0.95 -0.57 81.115 84.525 F 1.0
30.705 30.975 0.52 0.76 77.325 80.675 F 1.0
19.895 20.285 -0.28 0.16 6.145 7.335 N 0.0
29.915 30.365 -0.225 0.105 85.73 88.43 N 0.0
24.085 24.495 -1.01 -0.81 46.845 49.935 N 0.0
23.515 23.765 0.91 1.17 13.945 15.675 N 0.0
29.545 29.835 -0.05 0.23 98.245 101.415 N 0.0
18.11 19.27 -0.14 0.22 76.425 84.115 F 1.0
32.585 32.895 0.07 0.31 18.31 20.67 F 1.0
22.765 23.115 0.07 0.41 71.49 74.61 N 0.0
30.04 30.44 -0.435 -0.085 90.65 93.71 N 0.0
22.825 23.255 -0.415 0.195 101.41 106.75 N 0.0
20.295 20.585 -0.555 -0.165 42.265 47.715 F 1.0
36.16 36.42 0.095 0.285 16.765 18.815 N 0.0
26.49 26.89 -0.86 -0.56 55.89 58.75 N 0.0
32.725 33.055 -0.32 -0.1 79.43 82.81 N 0.0
19.395 19.785 -0.13 0.01 58.47 61.27 F 1.0
30.2 30.58 0.42 0.56 14.315 18.705 F 1.0
28.67 29.01 0.02 0.26 49.375 55.065 N 0.0
35.725 35.955 -0.73 -0.49 13.12 14.8 N 0.0
41.2 41.48 -0.245 -0.075 12.405 14.675 F 1.0
39.7 40.18 -1.2 -0.62 51.78 54.36 N 0.0
41.32 41.46 -0.945 -0.875 29.315 30.925 N 0.0
34.72 35.26 -0.165 0.145 26.885 29.095 N 0.0
20.245 20.935 -0.62 -0.3 65.31 68.03 N 0.0
41.195 41.485 -0.035 0.215 58.325 62.275 F 1.0
28.15 28.63 -0.66 -0.16 71.355 74.745 N 0.0
21.155 21.625 -0.455 -0.065 88.475 94.185 N 0.0
41.785 42.295 -0.24 0.22 55.28 60.22 F 1.0
34.595 34.785 -1.045 -0.675 36.155 39.385 F 1.0
19.655 19.925 -0.935 -0.785 62.55 66.55 N 0.0
37.42 37.76 -0.885 -0.435 19.29 22.23 N 0.0
19.465 19.815 -0.38 -0.14 41.13 43.75 F 1.0
30.045 30.335 0.065 0.315 40.865 46.575 F 1.0
42.91 43.17 -0.285 0.065 39.765 43.415 N 0.0
19.45 20.03 -0.38 -0.14 38.965 43.375 F 1.0
40.105 40.875 0.875 1.205 30.585 34.755 F 1.0
24.365 24.815 0.395 0.585 43.175 45.965 N 0.0
23.85 24.23 0.645 0.935 9.01 11.27 N 0.0
32.49 33.29 -0.595 -0.325 47.635 50.845 F 1.0
24.86 25.02 -1.07 -0.75 39.91 46.67 F 1.0
27.635 28.045 -0.43 -0.09 103.16 105.84 F 1.0
27.005 27.375 -0.21 0.19 100.93 103.83 N 0.0
27.45 27.63 -0.535 -0.185 94.61 96.55 F 1.0
41.465 41.715 -0.905 -0.715 28.29 30.25 N 0.0
37.715 38.065 -0.57 -0.25 58.165 64.135 F 1.0
24.055 24.525 -0.07 0.25 98.13 102.37 N 0.0
27.99 28.39 -0.585 -0.235 74.9 78.84 F 1.0
35.775 36.105 -0.23 0.01 50.645 54.635 N 0.0
37.725 37.955 -0.545 -0.275 63.32 66.62 F 1.0
20.03 20.35 -0.765 -0.555 61.43 65.97 F 1.0
38.78 39.2 -0.525 -0.295 58.17 63.27 F 1.0
35.06 35.22 -0.2 0.08 13.58 15.2 N 0.0
26.725 27.055 -0.26 0.04 78.57 81.97 F 1.0
22.565 23.215 0.195 0.585 111.84 117.58 N 0.0
28.935 29.745 -1.04 -0.58 8.215 10.365 N 0.0
19.055 19.225 -0.38 -0.14 97.415 103.085 F 1.0
35.165 35.515 -1.025 -0.695 42.47 45.81 F 1.0
30.515 31.065 -0.915 -0.805 78.575 81.965 F 1.0
28.585 28.895 -0.365 -0.055 101.16 103.6 N 0.0
21.565 21.715 0.08 0.2 23.95 25.23 N 0.0
17.945 18.035 -0.3 -0.22 23.745 24.575 N 0.0
19.565 19.915 -0.255 -0.065 56.49 59.85 F 1.0
20.075 20.505 -0.07 0.25 67.29 74.55 F 1.0
38.06 38.42 -0.24 -0.08 63.075 67.725 F 1.0
19.84 20.24 -0.25 -0.07 53.825 59.115 F 1.0
38.74 39.34 -1.185 -0.635 69.195 74.345 N 0.0
28.78 29.0 0.08 0.3 50.25 52.49 N 0.0
32.815 33.265 -0.06 0.14 81.605 85.735 F 1.0
18.07 18.61 -0.915 -0.705 50.22 54.22 N 0.0
29.955 30.325 0.02 0.26 82.32 85.02 N 0.0
26.465 26.715 -0.255 0.235 22.59 27.43 N 0.0
38.28 38.8 -0.17 0.05 15.99 17.89 N 0.0
22.245 22.535 -0.87 -0.65 67.1 70.5 F 1.0
34.5 34.68 -0.285 -0.035 77.495 80.505 N 0.0
38.355 38.825 -0.53 -0.29 17.88 20.24 N 0.0
23.775 24.405 0.175 0.605 7.54 10.18 N 0.0
29.72 30.16 0.015 0.165 36.32 40.92 N 0.0
42.715 43.165 -0.3 0.08 56.11 59.39 N 0.0
51.425 51.955 0.61 0.87 1.765 5.755 F 1.0
21.775 22.105 0.025 0.255 74.995 78.745 F 1.0
30.63 30.85 0.57 0.81 78.885 80.815 N 0.0
42.01 42.17 -0.225 0.005 15.79 17.23 N 0.0
36.85 37.33 -0.36 0.04 17.225 20.055 N 0.0
34.475 34.805 -0.165 0.145 75.475 79.125 N 0.0
30.7 30.98 0.115 0.265 59.185 62.255 N 0.0
32.74 32.84 0.085 0.295 14.335 17.845 F 1.0
34.73 35.35 -0.555 0.335 14.365 15.255 F 1.0
23.305 23.675 -0.755 -0.565 3.995 6.925 N 0.0
44.365 44.815 -0.245 0.125 39.495 42.845 N 0.0
32.175 32.705 -0.03 0.31 40.555 46.025 F 1.0
18.405 18.875 0.13 0.45 17.17 23.51 F 1.0
22.82 23.26 0.11 0.37 74.47 76.73 N 0.0
30.265 30.515 -0.6 -0.22 46.385 48.695 F 1.0
20.65 21.03 -0.06 0.14 25.8 31.04 N 0.0
36.295 36.585 0.725 0.955 40.64 44.24 N 0.0
32.03 32.65 -0.135 0.615 9.67 11.45 F 1.0
20.475 20.705 -0.6 -0.42 64.69 66.11 N 0.0
38.76 39.02 -0.4 -0.12 42.29 45.99 N 0.0
25.24 25.54 -0.14 0.22 107.95 110.41 N 0.0
32.415 32.665 0.965 1.115 19.94 21.58 N 0.0
48.645 49.035 0.08 0.4 5.21 10.81 F 1.0
30.475 31.305 -0.885 -0.735 76.485 81.515 N 0.0
21.65 21.83 -0.12 0.1 65.015 69.185 F 1.0
45.46 45.82 -0.24 0.22 5.65 9.53 F 1.0
32.66 33.02 -0.775 -0.445 87.36 89.34 N 0.0
29.745 30.235 -0.13 0.01 48.3 51.04 F 1.0
36.685 36.995 0.9 1.18 12.43 14.65 F 1.0
35.03 35.45 -0.48 -0.04 58.9 63.4 N 0.0
26.135 26.345 0.125 0.355 69.215 72.625 F 1.0
21.68 22.0 0.47 0.71 28.45 30.09 F 1.0
26.865 27.215 -0.265 -0.055 102.385 104.915 F 1.0
23.685 24.095 -0.025 0.205 36.08 41.16 N 0.0
17.7 18.18 -0.71 -0.01 1.705 8.375 F 1.0
39.38 39.6 0.15 0.43 40.645 44.235 N 0.0
38.455 38.625 0.86 1.02 10.91 12.77 N 0.0
33.22 33.46 0.725 0.955 9.97 11.15 N 0.0
38.51 38.87 -0.33 0.21 34.35 37.79 N 0.0
33.32 33.86 -0.655 -0.165 54.79 61.55 N 0.0
22.77 23.21 0.5 0.98 7.975 9.745 N 0.0
21.345 21.635 -0.465 -0.055 111.32 114.68 F 1.0
47.605 47.875 -0.68 -0.14 39.685 42.655 N 0.0
21.245 21.735 -0.83 -0.59 72.61 76.89 F 1.0
35.98 36.2 -0.87 -0.75 28.485 30.055 N 0.0
36.005 36.275 0.505 0.775 22.0 22.92 N 0.0
20.29 20.69 -0.31 -0.11 113.695 116.565 N 0.0
46.77 47.11 -0.725 -0.595 50.03 51.85 N 0.0
32.425 32.655 0.16 0.52 74.355 78.545 F 1.0
35.525 35.955 0.775 1.205 80.295 81.945 F 1.0
18.125 18.955 -0.025 0.205 122.785 127.875 N 0.0
39.24 39.54 -1.23 -0.59 51.375 54.765 N 0.0
21.24 21.44 0.02 0.16 112.9 115.66 N 0.0
27.74 28.14 0.14 0.24 40.065 43.975 N 0.0
27.945 28.635 -0.84 -0.38 2.385 9.395 N 0.0
19.24 19.74 0.03 0.25 111.05 115.81 F 1.0
18.96 19.32 0.255 0.625 17.665 19.615 N 0.0
38.54 38.84 -0.215 -0.005 40.815 43.225 N 0.0
31.3 31.78 -0.49 -0.23 88.32 91.78 F 1.0
31.14 31.64 -0.52 0.0 85.015 89.145 F 1.0
24.205 24.675 0.03 0.35 32.91 38.37 F 1.0
25.645 26.035 0.015 0.165 28.875 32.205 N 0.0
35.74 36.24 0.315 0.965 59.875 64.125 N 0.0
26.225 26.455 -0.055 0.135 53.03 57.35 N 0.0
37.3 38.18 -0.675 -0.245 72.59 76.91 N 0.0
19.35 19.83 -1.3 -0.52 34.405 37.735 N 0.0
41.795 41.885 -0.86 -0.76 35.73 37.25 N 0.0
37.98 38.1 0.12 0.26 41.58 44.16 N 0.0
28.12 28.56 -0.19 0.07 31.875 36.865 F 1.0
21.025 21.355 -0.45 -0.17 33.405 37.875 F 1.0
48.765 49.015 -0.125 0.205 40.065 45.675 N 0.0
25.77 26.11 0.135 0.345 68.13 72.87 N 0.0
27.35 27.53 -0.915 -0.805 85.615 87.685 F 1.0
42.345 42.535 -0.61 -0.41 32.235 35.645 N 0.0
22.79 23.49 -0.005 0.385 18.005 22.675 F 1.0
25.595 25.785 0.235 0.545 55.98 58.66 F 1.0
29.69 30.19 -0.235 0.315 6.76 8.42 F 1.0
45.89 46.39 -0.605 0.185 23.845 27.035 N 0.0
24.09 24.39 -0.87 -0.65 42.425 45.015 N 0.0
46.54 47.34 -0.625 0.005 38.98 42.5 N 0.0
32.72 32.86 0.805 0.975 8.585 9.995 N 0.0
41.98 42.4 -0.945 -0.275 33.26 36.32 N 0.0
45.35 45.93 0.14 0.44 25.255 28.185 N 0.0
27.985 28.195 -0.225 0.005 44.415 46.425 N 0.0
27.005 27.375 -0.19 -0.03 44.565 50.515 N 0.0
45.605 46.075 -0.78 -0.34 47.775 52.405 N 0.0
40.41 40.97 0.54 0.94 33.605 38.535 N 0.0
46.62 46.96 -0.04 0.12 47.145 50.495 N 0.0
21.605 21.775 -0.045 0.025 20.65 23.43 F 1.0
36.04 36.24 0.01 0.17 73.64 77.56 N 0.0
31.24 31.44 -0.75 -0.57 83.495 86.405 F 1.0
25.48 25.9 -0.085 0.165 53.315 57.065 F 1.0
40.955 41.325 0.54 1.04 31.985 37.595 N 0.0
32.35 32.73 -0.4 -0.12 42.985 45.295 F 1.0
28.11 28.37 0.265 0.415 53.96 57.28 N 0.0
25.04 25.34 -0.14 0.32 44.155 46.685 N 0.0
46.36 46.82 0.235 0.445 5.065 6.715 N 0.0
28.3 28.58 -0.095 0.075 42.555 44.885 N 0.0
22.09 22.49 -1.12 -0.7 63.33 67.47 F 1.0
18.075 18.605 -1.055 -0.665 37.775 40.305 F 1.0
20.75 20.93 -0.01 0.29 56.375 60.825 F 1.0
38.575 38.805 0.26 0.62 14.89 18.99 N 0.0
48.735 49.045 0.145 0.335 45.435 47.105 F 1.0
49.965 50.215 0.785 0.895 28.345 31.035 F 1.0
40.755 40.925 -0.25 -0.07 21.185 26.295 N 0.0
30.735 31.145 -0.25 0.13 65.845 70.055 N 0.0
27.62 28.06 0.135 0.645 4.025 10.295 N 0.0
29.845 30.035 -0.435 -0.185 46.505 49.435 N 0.0
26.545 26.835 -0.885 -0.435 7.565 9.315 N 0.0
21.915 22.165 -0.925 -0.795 65.94 69.1 F 1.0
54.875 55.705 0.69 1.29 4.0 10.32 F 1.0
38.89 39.29 0.355 0.625 21.26 24.52 F 1.0
24.01 24.37 -0.745 -0.575 83.765 89.535 F 1.0
42.85 43.43 -0.885 -0.635 57.385 60.655 F 1.0
17.775 18.105 0.695 1.185 -0.315 2.735 F 1.0
29.18 29.4 -0.785 -0.335 18.69 23.69 N 0.0
20.445 20.635 0.065 0.315 119.595 122.565 N 0.0
31.345 31.835 0.16 0.62 20.83 28.35 F 1.0
46.935 47.045 -0.485 -0.335 46.94 49.0 F 1.0
20.645 21.035 0.32 0.56 20.05 24.03 N 0.0
31.86 32.02 0.715 0.865 60.235 63.765 N 0.0
43.045 43.735 -0.23 0.11 14.375 18.645 F 1.0
41.87 42.11 -0.83 -0.69 33.34 36.24 N 0.0
37.0 37.58 -0.38 0.16 44.56 48.82 F 1.0
22.28 22.4 0.19 0.29 14.37 17.81 F 1.0
22.62 23.06 0.43 0.75 8.78 9.8 N 0.0
32.745 33.435 0.05 0.23 68.935 72.905 N 0.0
21.63 22.25 -0.055 0.135 99.265 107.195 N 0.0
27.41 27.97 0.565 0.815 5.895 8.425 F 1.0
41.135 41.645 -0.985 -0.835 34.26 36.18 N 0.0
36.425 36.655 0.135 0.545 70.62 72.92 N 0.0
28.805 29.175 -0.735 -0.285 19.17 24.91 N 0.0
31.985 32.195 0.3 0.48 22.505 24.115 N 0.0
30.68 31.1 -0.83 -0.19 72.24 73.86 F 1.0
20.745 21.235 -0.02 0.2 17.835 23.685 F 1.0
36.21 36.37 0.255 0.425 21.225 22.855 N 0.0
38.405 38.775 0.5 0.88 8.84 13.98 N 0.0
34.725 35.055 0.755 0.925 28.635 32.445 N 0.0
18.395 19.285 -0.175 0.155 107.2 112.0 F 1.0
28.205 28.475 -0.2 0.18 45.225 48.155 N 0.0
46.7 47.08 -0.52 -0.2 46.945 49.835 F 1.0
53.525 53.655 -0.645 -0.475 23.305 24.175 F 1.0
36.395 36.485 0.205 0.375 21.13 22.09 N 0.0
21.83 22.15 -0.265 0.145 65.725 71.015 F 1.0
39.985 40.095 -1.025 -0.595 27.995 30.545 N 0.0
33.33 33.95 -0.53 0.11 58.78 63.52 F 1.0
24.125 24.655 0.425 0.855 42.095 44.485 N 0.0
21.07 22.41 -0.055 0.235 94.025 97.135 F 1.0
39.05 39.43 -0.13 0.01 20.54 24.38 F 1.0
31.21 31.47 -0.79 -0.13 11.23 16.69 N 0.0
22.115 22.265 0.27 0.41 13.885 18.295 N 0.0
43.14 43.24 0.805 0.975 58.84 62.6 N 0.0
35.22 35.46 0.55 1.03 79.24 81.3 N 0.0
41.975 42.105 -0.025 0.405 16.475 19.945 F 1.0
27.955 28.325 0.28 0.4 33.37 37.91 F 1.0
21.335 22.045 -0.22 0.1 89.4 93.26 F 1.0
41.435 42.145 0.31 0.67 38.605 43.735 F 1.0
21.49 21.89 -0.23 0.41 48.495 54.245 N 0.0
20.69 21.29 -0.725 -0.295 39.26 43.08 F 1.0
18.035 18.145 -0.125 0.105 97.575 104.625 N 0.0
43.245 43.535 -0.8 -0.52 57.415 58.925 F 1.0
19.245 19.535 -0.075 0.155 67.53 70.07 N 0.0
18.215 19.065 -0.075 0.055 128.895 130.265 N 0.0
25.195 25.385 0.24 0.44 34.43 36.01 N 0.0
47.185 47.795 -0.465 0.045 3.455 10.025 N 0.0
47.38 47.7 -0.445 -0.275 46.285 48.795 N 0.0
25.08 25.5 -0.31 0.09 3.95 6.97 N 0.0
37.725 37.855 0.04 0.44 45.625 49.455 F 1.0
44.855 45.425 -0.215 0.195 24.39 29.05 N 0.0
43.35 43.63 -0.91 -0.51 39.815 43.365 N 0.0
31.605 31.875 -0.55 -0.17 87.755 89.805 F 1.0
29.47 29.91 0.1 0.38 93.04 96.42 N 0.0
23.36 23.52 0.83 1.25 7.76 9.12 N 0.0
26.355 26.825 -0.175 0.055 63.595 68.045 F 1.0
27.245 27.435 -0.375 -0.045 73.405 77.795 N 0.0
50.125 50.455 -0.515 -0.405 12.87 16.75 F 1.0
38.265 39.215 -0.655 -0.265 48.04 53.0 F 1.0
39.385 39.795 -0.155 0.135 42.6 43.98 N 0.0
36.75 36.93 0.625 0.755 44.575 45.405 F 1.0
26.925 27.555 0.03 0.55 20.945 29.075 F 1.0
36.735 37.045 -0.21 0.29 12.99 18.33 F 1.0
24.52 24.76 -0.085 0.365 38.505 41.275 N 0.0
21.02 22.06 0.07 0.41 76.66 80.48 F 1.0
48.845 49.035 0.13 0.25 43.485 44.795 F 1.0
37.14 37.44 -0.48 -0.04 35.07 40.47 F 1.0
40.89 41.69 0.065 0.615 12.265 17.355 F 1.0
46.49 46.69 -0.015 0.395 7.06 9.82 N 0.0
36.88 37.6 -0.505 -0.215 64.96 70.08 F 1.0
52.735 53.645 0.0 0.38 0.475 9.605 F 1.0
47.145 47.335 -0.615 -0.305 46.885 49.055 N 0.0
25.37 26.11 0.215 0.565 91.985 94.915 F 1.0
41.51 41.67 0.17 0.41 57.5 60.54 N 0.0
37.61 38.17 0.76 1.32 6.45 15.53 F 1.0
21.325 21.855 -0.19 0.07 112.405 117.015 N 0.0
22.18 22.7 -0.26 -0.06 26.675 32.705 F 1.0
28.805 29.175 -0.68 -0.14 63.605 68.035 N 0.0
27.18 27.4 -0.64 -0.38 67.68 70.76 N 0.0
30.5 30.68 0.945 1.035 50.49 52.25 N 0.0
24.34 24.84 0.155 0.425 58.335 63.105 N 0.0
