GLON GLAT VLSR a b pa d_VLSR p_far cos_pa sin_pa aa bb
18.1100 0.7300 1.2100 0.2450 0.0500 63 3.0500 0.5 0.4539904997395468 0.8910065241883678 0.060024999999999995 0.0025000000000000005
18.0900 -0.1500 52.2200 0.1250 0.0850 -82 2.1200 -0.5 0.13917310096006547 -0.9902680687415704 0.015625 0.007225000000000001
18.2900 -0.3500 5.0400 0.2450 0.2000 52 6.6700 0.5 0.6156614753256583 0.7880107536067219 0.060024999999999995 0.04000000000000001
18.0900 -0.6900 41.1700 0.1300 0.1000 -75 4.2000 0.5 0.25881904510252074 -0.9659258262890683 0.016900000000000002 0.010000000000000002
18.0600 0.0900 22.8900 0.0700 0.0550 -13 2.6300 -0.5 0.9743700647852352 -0.224951054343865 0.004900000000000001 0.003025
18.0300 -0.2800 24.1600 0.0450 0.0300 -73 0.8300 -0.5 0.29237170472273677 -0.9563047559630354 0.002025 0.0009
18.1800 -0.3900 42.4400 0.2150 0.1300 -61 4.3000 -0.5 0.48480962024633717 -0.8746197071393957 0.046224999999999995 0.016900000000000002
18.1800 -0.1800 101.1000 0.0900 0.0300 67 7.0500 -0.5 0.3907311284892737 0.9205048534524404 0.0081 0.0009
18.1500 0.4400 22.8900 0.1500 0.0700 -81 2.4600 -0.5 0.15643446504023092 -0.9876883405951378 0.0225 0.004900000000000001
18.2000 -0.4400 50.0900 0.1950 0.1350 89 4.1500 -0.5 0.0174524064372836 0.9998476951563913 0.038025 0.018225
18.2700 0.6600 38.1900 0.0450 0.0350 -45 3.9100 0.5 0.7071067811865476 -0.7071067811865475 0.002025 0.0012250000000000002
18.3100 -0.4500 66.6700 0.1550 0.1300 -26 2.8500 -0.5 0.898794046299167 -0.4383711467890774 0.024025 0.016900000000000002
18.3100 -0.3700 57.7500 0.2100 0.1800 62 3.8200 -0.5 0.46947156278589086 0.8829475928589269 0.04409999999999999 0.0324
18.4700 -0.4200 68.3700 0.1650 0.1400 19 4.4000 -0.5 0.9455185755993168 0.3255681544571567 0.027225000000000003 0.019600000000000003
18.4000 -0.7500 52.2200 0.2500 0.1050 6 4.0000 -0.5 0.9945218953682733 0.10452846326765347 0.0625 0.011024999999999998
18.6700 -0.7000 39.0400 0.2300 0.1400 -3 2.5300 0.5 0.9986295347545738 -0.052335956242943835 0.0529 0.019600000000000003
18.4300 -0.5800 44.5700 0.2300 0.1900 -25 4.2300 -0.5 0.9063077870366499 -0.42261826174069944 0.0529 0.0361
18.6500 -0.2800 51.3700 0.2550 0.1600 35 3.2700 -0.5 0.8191520442889918 0.573576436351046 0.065025 0.0256
18.7600 -0.5400 46.2700 0.2700 0.1500 33 3.0200 -0.5 0.838670567945424 0.5446390350150271 0.0729 0.0225
18.5500 0.1400 20.3400 0.2400 0.2050 12 6.3400 0.5 0.9781476007338057 0.20791169081775934 0.0576 0.04202499999999999
19.0000 0.0200 80.2700 0.5600 0.1300 -15 7.6900 0.5 0.9659258262890683 -0.25881904510252074 0.31360000000000005 0.016900000000000002
18.7700 -0.1300 45.4200 0.1300 0.0900 -22 3.8600 0.5 0.9271838545667874 -0.374606593415912 0.016900000000000002 0.0081
19.0300 -0.2200 49.6700 0.2550 0.1500 65 3.4800 0.5 0.42261826174069944 0.9063077870366499 0.065025 0.0225
18.9800 -0.4100 25.4400 0.1050 0.0550 -25 2.3900 -0.5 0.9063077870366499 -0.42261826174069944 0.011024999999999998 0.003025
18.8000 -0.5600 65.8200 0.1550 0.1550 -47 2.8000 -0.5 0.6819983600624985 -0.7313537016191705 0.024025 0.024025
18.9200 -0.7400 64.1200 0.2250 0.1100 11 3.6900 -0.5 0.981627183447664 0.1908089953765448 0.050625 0.0121
19.0500 0.2700 56.9000 0.2600 0.1550 -83 2.6200 0.5 0.12186934340514748 -0.992546151641322 0.06760000000000001 0.024025
18.9400 -0.2600 64.5500 0.1500 0.1200 -15 2.7300 -0.5 0.9659258262890683 -0.25881904510252074 0.0225 0.0144
19.0400 -0.2700 61.1500 0.1500 0.1350 -75 4.0000 -0.5 0.25881904510252074 -0.9659258262890683 0.0225 0.018225
18.9700 -0.6000 67.9500 0.2050 0.1850 80 3.5800 -0.5 0.17364817766693041 0.984807753012208 0.04202499999999999 0.034225
19.0900 -0.2500 65.4000 0.1450 0.0900 34 3.0800 -0.5 0.8290375725550416 0.5591929034707469 0.021025 0.0081
19.1300 -0.0600 46.2700 0.1150 0.0750 12 3.0400 -0.5 0.9781476007338057 0.20791169081775934 0.013225 0.005625
19.1400 0.3800 18.6400 0.2000 0.1400 47 1.9500 -0.5 0.6819983600624985 0.7313537016191705 0.04000000000000001 0.019600000000000003
19.2500 -0.2800 100.2500 0.1050 0.0700 -50 5.6700 0.5 0.6427876096865394 -0.766044443118978 0.011024999999999998 0.004900000000000001
19.3300 -0.1100 68.8000 0.1550 0.0850 -27 2.5400 -0.5 0.8910065241883679 -0.45399049973954675 0.024025 0.007225000000000001
19.5300 0.0200 26.7200 0.2100 0.1300 -2 3.8800 -0.5 0.9993908270190958 -0.03489949670250097 0.04409999999999999 0.016900000000000002
19.3600 0.3000 6.7400 0.2450 0.1700 10 1.5400 -0.5 0.984807753012208 0.17364817766693033 0.060024999999999995 0.028900000000000006
19.5200 -0.5600 63.7000 0.2350 0.1450 89 3.3200 0.5 0.0174524064372836 0.9998476951563913 0.055224999999999996 0.021025
19.7000 -0.1500 59.8700 0.2200 0.0650 -8 2.8000 0.5 0.9902680687415704 -0.13917310096006544 0.0484 0.0042250000000000005
19.4800 -0.4400 36.0700 0.3300 0.2100 63 3.3300 -0.5 0.4539904997395468 0.8910065241883678 0.10890000000000001 0.04409999999999999
19.5600 -0.2500 42.4400 0.1850 0.0950 29 2.6200 0.5 0.8746197071393957 0.48480962024633706 0.034225 0.009025
19.6400 -0.6800 55.6200 0.2600 0.1700 -3 6.3300 -0.5 0.9986295347545738 -0.052335956242943835 0.06760000000000001 0.028900000000000006
19.8400 -0.1800 58.1700 0.1750 0.0950 4 3.3600 0.5 0.9975640502598242 0.0697564737441253 0.030624999999999996 0.009025
19.6500 -0.2600 41.1700 0.3050 0.1200 11 4.4100 0.5 0.981627183447664 0.1908089953765448 0.093025 0.0144
19.7700 -0.8400 64.5500 0.1450 0.0650 -6 4.0000 -0.5 0.9945218953682733 -0.10452846326765347 0.021025 0.0042250000000000005
19.8500 -0.5100 44.9900 0.2100 0.1450 -45 4.3800 -0.5 0.7071067811865476 -0.7071067811865475 0.04409999999999999 0.021025
19.8900 -0.4500 70.0700 0.2000 0.1350 33 3.3100 -0.5 0.838670567945424 0.5446390350150271 0.04000000000000001 0.018225
19.9200 -0.7200 44.1400 0.1750 0.1250 -7 3.9000 -0.5 0.992546151641322 -0.12186934340514748 0.030624999999999996 0.015625
20.0000 0.3500 6.3100 0.1450 0.1200 -6 0.7800 -0.5 0.9945218953682733 -0.10452846326765347 0.021025 0.0144
19.9800 -0.1800 66.2500 0.1550 0.1050 -47 4.1600 -0.5 0.6819983600624985 -0.7313537016191705 0.024025 0.011024999999999998
19.9700 -0.8000 42.8700 0.2100 0.0900 -7 2.8100 -0.5 0.992546151641322 -0.12186934340514748 0.04409999999999999 0.0081
20.2000 -0.2300 56.4700 0.2150 0.1250 -14 5.2900 0.5 0.9702957262759965 -0.24192189559966773 0.046224999999999995 0.015625
20.0500 -0.1200 6.7400 0.2200 0.1700 -49 1.1900 -0.5 0.6560590289905074 -0.7547095802227719 0.0484 0.028900000000000006
20.1400 -0.7600 40.3200 0.1700 0.1050 -46 2.2400 -0.5 0.6946583704589974 -0.7193398003386511 0.028900000000000006 0.011024999999999998
20.1900 0.8400 6.3100 0.1000 0.0750 -44 0.8700 -0.5 0.7193398003386512 -0.6946583704589973 0.010000000000000002 0.005625
20.3100 -0.7500 63.7000 0.1800 0.0950 34 4.5400 0.5 0.8290375725550416 0.5591929034707469 0.0324 0.009025
20.3300 -0.0600 70.9200 0.2100 0.1450 12 7.2600 0.5 0.9781476007338057 0.20791169081775934 0.04409999999999999 0.021025
20.4000 -0.0800 6.7400 0.2150 0.0850 81 0.9200 -0.5 0.15643446504023092 0.9876883405951378 0.046224999999999995 0.007225000000000001
20.3800 0.5100 6.3100 0.1500 0.1050 -75 0.7900 -0.5 0.25881904510252074 -0.9659258262890683 0.0225 0.011024999999999998
20.4800 -0.4900 44.9900 0.2050 0.1300 66 5.4500 0.5 0.40673664307580015 0.9135454576426009 0.04202499999999999 0.016900000000000002
20.6000 0.8100 5.8900 0.0950 0.0800 86 0.9500 -0.5 0.06975647374412523 0.9975640502598242 0.009025 0.0064
20.6300 -0.5100 66.6700 0.2850 0.1350 -14 2.7200 -0.5 0.9702957262759965 -0.24192189559966773 0.08122499999999999 0.018225
20.6900 -0.4900 65.4000 0.1450 0.0900 31 1.4200 -0.5 0.8571673007021123 0.5150380749100542 0.021025 0.0081
20.7900 -0.0500 7.1600 0.3450 0.1300 54 2.0600 -0.5 0.5877852522924732 0.8090169943749473 0.11902499999999998 0.016900000000000002
20.7600 -0.1700 104.9300 0.0450 0.0300 0 1.8600 -0.5 1.0 0.0 0.002025 0.0009
20.7100 -0.3600 62.8500 0.2350 0.1550 -71 3.4400 -0.5 0.32556815445715676 -0.9455185755993167 0.055224999999999996 0.024025
20.8000 0.5500 28.8400 0.2000 0.0550 -77 3.3400 -0.5 0.22495105434386492 -0.9743700647852352 0.04000000000000001 0.003025
20.7700 -0.2000 59.4500 0.1900 0.1500 -13 4.3100 0.5 0.9743700647852352 -0.224951054343865 0.0361 0.0225
20.7600 -0.0700 28.4200 0.2050 0.1200 -10 5.2400 -0.5 0.984807753012208 -0.17364817766693033 0.04202499999999999 0.0144
20.8100 -0.0800 58.6000 0.1150 0.0700 -57 4.4500 0.5 0.5446390350150271 -0.838670567945424 0.013225 0.004900000000000001
20.6300 0.2600 22.0400 0.1500 0.0750 -20 3.9800 -0.5 0.9396926207859084 -0.3420201433256687 0.0225 0.005625
20.8800 0.1800 20.7600 0.2300 0.0800 5 5.8500 0.5 0.9961946980917455 0.08715574274765817 0.0529 0.0064
21.1900 -0.4500 41.1700 0.3150 0.1450 18 3.8200 0.5 0.9510565162951535 0.3090169943749474 0.09922500000000001 0.021025
21.1400 0.2300 7.5900 0.1850 0.1100 30 0.6500 -0.5 0.8660254037844387 0.49999999999999994 0.034225 0.0121
21.2200 0.5200 8.0100 0.1150 0.0850 3 0.9500 -0.5 0.9986295347545738 0.052335956242943835 0.013225 0.007225000000000001
21.0000 -0.2200 35.6400 0.1500 0.1150 30 4.4700 0.5 0.8660254037844387 0.49999999999999994 0.0225 0.013225
21.3000 0.1500 26.2900 0.0950 0.0400 16 1.7000 -0.5 0.9612616959383189 0.27563735581699916 0.009025 0.0016
21.2800 -0.3200 66.2500 0.2100 0.1550 -49 3.5300 -0.5 0.6560590289905074 -0.7547095802227719 0.04409999999999999 0.024025
21.1200 -0.0900 74.7500 0.2550 0.1350 8 4.4000 -0.5 0.9902680687415704 0.13917310096006544 0.065025 0.018225
21.3100 -0.1900 91.3300 0.2850 0.1100 39 5.7100 -0.5 0.7771459614569709 0.6293203910498374 0.08122499999999999 0.0121
21.5100 -0.6300 53.9200 0.2200 0.1650 45 4.8200 -0.5 0.7071067811865476 0.7071067811865475 0.0484 0.027225000000000003
21.5100 -0.7400 55.1900 0.1400 0.0950 39 2.4600 -0.5 0.7771459614569709 0.6293203910498374 0.019600000000000003 0.009025
21.3600 -0.6700 74.7500 0.2350 0.1150 -1 4.2800 0.5 0.9998476951563913 -0.01745240643728351 0.055224999999999996 0.013225
21.0200 0.0500 78.5700 0.4250 0.0900 -12 3.8200 0.5 0.9781476007338057 -0.20791169081775934 0.18062499999999998 0.0081
21.5800 -0.1800 68.3700 0.1300 0.1150 -84 2.4200 0.5 0.10452846326765344 -0.9945218953682733 0.016900000000000002 0.013225
21.5800 -0.1900 73.4700 0.2300 0.1900 34 2.2000 -0.5 0.8290375725550416 0.5591929034707469 0.0529 0.0361
21.6000 0.4200 8.4400 0.2850 0.1100 84 1.2000 -0.5 0.10452846326765344 0.9945218953682733 0.08122499999999999 0.0121
21.6600 0.0800 24.5900 0.0700 0.0400 46 1.2800 -0.5 0.6946583704589974 0.7193398003386511 0.004900000000000001 0.0016
21.7900 -0.3000 51.3700 0.2750 0.1700 75 5.7500 -0.5 0.25881904510252074 0.9659258262890683 0.07562500000000001 0.028900000000000006
21.8000 -0.0600 22.0400 0.0700 0.0250 -5 2.7800 0.5 0.9961946980917455 -0.08715574274765817 0.004900000000000001 0.0006250000000000001
22.0700 -0.0800 91.3300 0.3000 0.1650 -19 3.8600 0.5 0.9455185755993168 -0.3255681544571567 0.09 0.027225000000000003
22.0000 -0.0100 95.5800 0.5800 0.1250 1 3.1100 0.5 0.9998476951563913 0.01745240643728351 0.3364 0.015625
21.7500 -0.1300 67.1000 0.0950 0.0650 56 4.1700 0.5 0.5591929034707469 0.8290375725550416 0.009025 0.0042250000000000005
21.9500 0.6100 29.2700 0.1900 0.0300 -35 1.6400 0.5 0.8191520442889918 -0.573576436351046 0.0361 0.0009
21.8400 -0.4400 80.2700 0.2000 0.1150 -46 5.1900 -0.5 0.6946583704589974 -0.7193398003386511 0.04000000000000001 0.013225
22.1600 -0.6000 54.7700 0.2350 0.2150 48 6.4200 -0.5 0.6691306063588582 0.7431448254773942 0.055224999999999996 0.046224999999999995
22.2800 0.0200 103.2300 0.2400 0.0800 6 7.9300 -0.5 0.9945218953682733 0.10452846326765347 0.0576 0.0064
22.1000 -0.0200 76.8700 0.1550 0.1100 25 3.7500 0.5 0.9063077870366499 0.42261826174069944 0.024025 0.0121
22.0600 -0.2200 68.3700 0.1750 0.1150 54 5.2900 0.5 0.5877852522924732 0.8090169943749473 0.030624999999999996 0.013225
22.1500 -0.0700 50.9400 0.3450 0.1500 79 5.9500 -0.5 0.19080899537654492 0.981627183447664 0.11902499999999998 0.0225
22.0400 -0.9000 67.5200 0.1350 0.0400 -3 3.1600 0.5 0.9986295347545738 -0.052335956242943835 0.018225 0.0016
22.2000 0.3000 16.0900 0.0850 0.0500 -49 4.4100 -0.5 0.6560590289905074 -0.7547095802227719 0.007225000000000001 0.0025000000000000005
22.1100 -0.9000 65.4000 0.3250 0.0450 8 4.1400 0.5 0.9902680687415704 0.13917310096006544 0.10562500000000001 0.002025
22.3200 -0.6600 65.4000 0.2050 0.1600 -39 4.1400 0.5 0.7771459614569709 -0.6293203910498374 0.04202499999999999 0.0256
22.3700 -0.0600 84.9500 0.2150 0.1750 -16 6.2600 -0.5 0.9612616959383189 -0.27563735581699916 0.046224999999999995 0.030624999999999996
22.3600 0.2200 16.0900 0.0500 0.0500 6 3.4400 0.5 0.9945218953682733 0.10452846326765347 0.0025000000000000005 0.0025000000000000005
22.3400 0.2300 53.0700 0.2950 0.1050 -82 2.9500 -0.5 0.13917310096006547 -0.9902680687415704 0.08702499999999999 0.011024999999999998
22.2600 0.2500 53.0700 0.1700 0.0900 -84 2.9500 -0.5 0.10452846326765344 -0.9945218953682733 0.028900000000000006 0.0081
22.3400 0.2300 60.7200 0.2950 0.1050 -82 2.9900 -0.5 0.13917310096006547 -0.9902680687415704 0.08702499999999999 0.011024999999999998
22.2600 0.2500 60.7200 0.1700 0.0900 -84 2.9900 -0.5 0.10452846326765344 -0.9945218953682733 0.028900000000000006 0.0081
22.5900 -0.6800 68.8000 0.1900 0.0750 -38 3.4000 0.5 0.7880107536067219 -0.6156614753256583 0.0361 0.005625
22.5100 0.3000 84.5200 0.2050 0.1150 32 2.8100 -0.5 0.848048096156426 0.5299192642332049 0.04202499999999999 0.013225
22.7200 -0.1600 29.6900 0.2900 0.0900 -8 6.0300 0.5 0.9902680687415704 -0.13917310096006544 0.0841 0.0081
22.7200 -0.2400 70.5000 0.1400 0.1100 62 3.4500 -0.5 0.46947156278589086 0.8829475928589269 0.019600000000000003 0.0121
22.6300 -0.2000 78.1500 0.1900 0.1450 51 4.5500 -0.5 0.6293203910498375 0.7771459614569708 0.0361 0.021025
22.6800 -0.2100 5.0400 0.1450 0.1250 73 1.2200 0.5 0.29237170472273677 0.9563047559630354 0.021025 0.015625
22.7400 -0.4600 76.8700 0.1550 0.1400 71 4.0000 -0.5 0.32556815445715676 0.9455185755993167 0.024025 0.019600000000000003
22.9300 0.0300 4.6100 0.1550 0.0650 -6 1.7500 -0.5 0.9945218953682733 -0.10452846326765347 0.024025 0.0042250000000000005
23.0700 0.4000 9.2900 0.2350 0.0450 37 1.0200 -0.5 0.7986355100472928 0.6018150231520483 0.055224999999999996 0.002025
23.0600 0.0800 86.6500 0.2750 0.2300 28 6.4200 -0.5 0.882947592858927 0.4694715627858908 0.07562500000000001 0.0529
22.9000 0.7100 37.3400 0.2950 0.0650 -65 3.2400 -0.5 0.42261826174069944 -0.9063077870366499 0.08702499999999999 0.0042250000000000005
22.9100 0.0500 73.0500 0.1700 0.1450 8 3.1200 -0.5 0.9902680687415704 0.13917310096006544 0.028900000000000006 0.021025
23.0000 -0.3500 65.4000 0.2450 0.1800 -11 4.8500 -0.5 0.981627183447664 -0.1908089953765448 0.060024999999999995 0.0324
23.2700 0.5000 8.8600 0.2500 0.0850 49 1.7700 -0.5 0.6560590289905074 0.7547095802227719 0.0625 0.007225000000000001
22.9300 -0.1100 80.2700 0.2000 0.1600 -43 3.8600 -0.5 0.7313537016191705 -0.6819983600624985 0.04000000000000001 0.0256
23.0600 0.1000 75.6000 0.2150 0.1000 -14 2.2600 -0.5 0.9702957262759965 -0.24192189559966773 0.046224999999999995 0.010000000000000002
22.9400 0.0600 104.0800 0.2750 0.1700 -80 5.3400 -0.5 0.17364817766693041 -0.984807753012208 0.07562500000000001 0.028900000000000006
22.8100 -0.3800 53.4900 0.2600 0.1650 -46 4.0400 -0.5 0.6946583704589974 -0.7193398003386511 0.06760000000000001 0.027225000000000003
23.0700 -0.4500 74.3200 0.2500 0.1550 7 4.2000 -0.5 0.992546151641322 0.12186934340514748 0.0625 0.024025
23.1400 0.3100 3.3400 0.1050 0.1050 24 2.0400 0.5 0.9135454576426009 0.4067366430758002 0.011024999999999998 0.011024999999999998
22.9600 0.2800 36.9200 0.4050 0.0900 -62 4.6500 0.5 0.46947156278589086 -0.8829475928589269 0.16402500000000003 0.0081
23.4100 0.0800 20.3400 0.3850 0.1350 9 4.6700 0.5 0.9876883405951378 0.15643446504023087 0.148225 0.018225
23.0200 -0.3500 57.3200 0.2750 0.1350 -13 2.9200 -0.5 0.9743700647852352 -0.224951054343865 0.07562500000000001 0.018225
22.9700 -0.6000 56.9000 0.3000 0.1450 -2 2.9300 -0.5 0.9993908270190958 -0.03489949670250097 0.09 0.021025
23.3400 -0.4400 77.3000 0.2100 0.1650 11 2.7300 -0.5 0.981627183447664 0.1908089953765448 0.04409999999999999 0.027225000000000003
23.1900 -0.4900 62.0000 0.2700 0.1800 6 3.2200 -0.5 0.9945218953682733 0.10452846326765347 0.0729 0.0324
23.4100 -0.2800 81.1200 0.2000 0.1850 35 4.2600 -0.5 0.8191520442889918 0.573576436351046 0.04000000000000001 0.034225
23.4500 -0.1200 53.0700 0.2100 0.1500 -84 4.2100 0.5 0.10452846326765344 -0.9945218953682733 0.04409999999999999 0.0225
23.5500 0.6800 8.4400 0.1400 0.0900 -73 1.3600 -0.5 0.29237170472273677 -0.9563047559630354 0.019600000000000003 0.0081
23.5500 -0.2700 103.6500 0.1750 0.1150 28 3.4400 -0.5 0.882947592858927 0.4694715627858908 0.030624999999999996 0.013225
23.3600 0.0200 103.6500 0.3200 0.2400 29 3.4400 -0.5 0.8746197071393957 0.48480962024633706 0.1024 0.0576
23.5500 -0.2700 101.1000 0.1750 0.1150 28 5.7500 -0.5 0.882947592858927 0.4694715627858908 0.030624999999999996 0.013225
23.3600 0.0200 101.1000 0.3200 0.2400 29 5.7500 -0.5 0.8746197071393957 0.48480962024633706 0.1024 0.0576
23.6400 -0.4900 63.2700 0.2500 0.2350 85 5.0300 -0.5 0.08715574274765812 0.9961946980917455 0.0625 0.055224999999999996
23.5300 -0.7300 5.4600 0.2000 0.0650 1 2.9300 -0.5 0.9998476951563913 0.01745240643728351 0.04000000000000001 0.0042250000000000005
23.5400 0.0600 82.8200 0.1950 0.1600 1 5.6800 0.5 0.9998476951563913 0.01745240643728351 0.038025 0.0256
23.6100 -0.0000 54.7700 0.1500 0.1050 -13 3.0700 -0.5 0.9743700647852352 -0.224951054343865 0.0225 0.011024999999999998
23.6600 0.0200 78.1500 0.2200 0.1250 51 2.5400 -0.5 0.6293203910498375 0.7771459614569708 0.0484 0.015625
23.7300 0.9300 14.8100 0.0500 0.0300 46 1.7300 -0.5 0.6946583704589974 0.7193398003386511 0.0025000000000000005 0.0009
23.8000 0.4100 83.6700 0.2000 0.1400 -30 5.4200 0.5 0.8660254037844387 -0.49999999999999994 0.04000000000000001 0.019600000000000003
23.8100 -0.0900 38.6200 0.2350 0.0900 -28 5.0800 -0.5 0.882947592858927 -0.4694715627858908 0.055224999999999996 0.0081
24.0600 -0.3700 56.0500 0.2850 0.2250 77 3.6800 0.5 0.22495105434386492 0.9743700647852352 0.08122499999999999 0.050625
23.8200 -0.3200 73.0500 0.2400 0.1350 -25 3.6800 -0.5 0.9063077870366499 -0.42261826174069944 0.0576 0.018225
24.0700 -0.0300 79.8500 0.2400 0.1400 -7 3.4200 -0.5 0.992546151641322 -0.12186934340514748 0.0576 0.019600000000000003
24.0200 -0.1300 72.2000 0.2950 0.0850 -6 5.2600 -0.5 0.9945218953682733 -0.10452846326765347 0.08702499999999999 0.007225000000000001
23.9200 0.6700 10.1400 0.1900 0.0950 -34 2.2600 -0.5 0.8290375725550416 -0.5591929034707469 0.0361 0.009025
24.1900 0.1900 53.4900 0.2250 0.1600 -29 4.2900 0.5 0.8746197071393957 -0.48480962024633706 0.050625 0.0256
23.9700 0.2600 8.8600 0.2950 0.1900 3 2.6400 -0.5 0.9986295347545738 0.052335956242943835 0.08702499999999999 0.0361
23.7900 0.2800 94.7300 0.3100 0.2250 -29 4.9000 -0.5 0.8746197071393957 -0.48480962024633706 0.0961 0.050625
24.2400 -0.1800 81.9700 0.3650 0.1750 -8 4.2800 -0.5 0.9902680687415704 -0.13917310096006544 0.13322499999999998 0.030624999999999996
24.4100 -0.0300 52.6400 0.2450 0.2150 19 4.1500 -0.5 0.9455185755993168 0.3255681544571567 0.060024999999999995 0.046224999999999995
24.1700 -0.7100 86.6500 0.1750 0.0350 -26 5.7700 0.5 0.898794046299167 -0.4383711467890774 0.030624999999999996 0.0012250000000000002
24.0200 -0.0400 89.6300 0.3300 0.1950 10 3.9300 -0.5 0.984807753012208 0.17364817766693033 0.10890000000000001 0.038025
24.1800 -0.6300 43.7200 0.1650 0.0850 25 2.5900 -0.5 0.9063077870366499 0.42261826174069944 0.027225000000000003 0.007225000000000001
24.2000 0.1100 100.2500 0.2350 0.1750 -25 4.2400 -0.5 0.9063077870366499 -0.42261826174069944 0.055224999999999996 0.030624999999999996
24.1500 -0.8300 48.3900 0.1800 0.0600 12 3.0900 -0.5 0.9781476007338057 0.20791169081775934 0.0324 0.0036
24.3700 0.7300 43.2900 0.2550 0.0600 39 2.3900 -0.5 0.7771459614569709 0.6293203910498374 0.065025 0.0036
24.2100 -0.3600 43.2900 0.2350 0.1050 21 2.5100 -0.5 0.9335804264972017 0.35836794954530027 0.055224999999999996 0.011024999999999998
24.3900 -0.0100 35.6400 0.2350 0.1250 23 5.4600 0.5 0.9205048534524404 0.39073112848927377 0.055224999999999996 0.015625
24.4800 0.3000 102.3800 0.2600 0.1600 8 5.2400 -0.5 0.9902680687415704 0.13917310096006544 0.06760000000000001 0.0256
24.4800 -0.6700 48.3900 0.1600 0.1050 75 3.4300 -0.5 0.25881904510252074 0.9659258262890683 0.0256 0.011024999999999998
24.6300 -0.1200 95.1500 0.2350 0.1900 -24 3.2800 0.5 0.9135454576426009 -0.4067366430758002 0.055224999999999996 0.0361
24.5000 -0.1500 44.1400 0.1900 0.1100 -2 3.2500 -0.5 0.9993908270190958 -0.03489949670250097 0.0361 0.0121
24.7200 -0.1200 100.2500 0.2450 0.1050 -46 3.4600 -0.5 0.6946583704589974 -0.7193398003386511 0.060024999999999995 0.011024999999999998
24.4300 0.0700 60.7200 0.2150 0.0950 -16 4.7700 -0.5 0.9612616959383189 -0.27563735581699916 0.046224999999999995 0.009025
24.6100 0.3800 44.5700 0.2600 0.0800 -2 2.7900 -0.5 0.9993908270190958 -0.03489949670250097 0.06760000000000001 0.0064
24.6900 -0.4200 43.7200 0.1250 0.1250 -29 2.3500 -0.5 0.8746197071393957 -0.48480962024633706 0.015625 0.015625
24.6800 -0.1000 39.8900 0.1700 0.1100 87 2.7700 -0.5 0.052335956242943966 0.9986295347545738 0.028900000000000006 0.0121
24.4900 -0.5900 61.5700 0.2300 0.1800 -58 4.0400 0.5 0.5299192642332049 -0.848048096156426 0.0529 0.0324
25.0700 0.6300 42.8700 0.2150 0.1200 16 3.3800 -0.5 0.9612616959383189 0.27563735581699916 0.046224999999999995 0.0144
24.8600 -0.1500 90.4800 0.1800 0.1550 59 5.3900 -0.5 0.5150380749100542 0.8571673007021123 0.0324 0.024025
24.8400 0.1000 45.8400 0.1600 0.1300 -39 4.4100 -0.5 0.7771459614569709 -0.6293203910498374 0.0256 0.016900000000000002
24.8800 -0.1300 47.1200 0.1900 0.1700 43 4.4800 -0.5 0.7313537016191705 0.6819983600624985 0.0361 0.028900000000000006
25.0100 -0.8600 43.2900 0.1100 0.0550 -61 6.7600 0.5 0.48480962024633717 -0.8746197071393957 0.0121 0.003025
25.2100 0.6900 40.3200 0.1200 0.1050 39 2.9800 -0.5 0.7771459614569709 0.6293203910498374 0.0144 0.011024999999999998
25.0800 -0.3000 55.1900 0.2600 0.2050 51 3.1200 -0.5 0.6293203910498375 0.7771459614569708 0.06760000000000001 0.04202499999999999
25.0400 -0.6200 56.0500 0.2750 0.1250 6 2.7900 -0.5 0.9945218953682733 0.10452846326765347 0.07562500000000001 0.015625
25.3300 0.3400 45.4200 0.2300 0.1200 -66 2.5300 -0.5 0.40673664307580015 -0.9135454576426009 0.0529 0.0144
25.2500 -0.4100 63.7000 0.1550 0.0750 80 2.4400 -0.5 0.17364817766693041 0.984807753012208 0.024025 0.005625
25.2400 0.2700 35.2200 0.0900 0.0550 -53 1.5800 -0.5 0.6018150231520484 -0.7986355100472928 0.0081 0.003025
25.2500 -0.2200 5.4600 0.2050 0.1350 -44 3.0200 -0.5 0.7193398003386512 -0.6946583704589973 0.04202499999999999 0.018225
25.2400 -0.4300 58.6000 0.1500 0.0850 -60 2.0300 -0.5 0.5000000000000001 -0.8660254037844386 0.0225 0.007225000000000001
25.3900 -0.3200 56.9000 0.1950 0.1250 59 2.3400 -0.5 0.5150380749100542 0.8571673007021123 0.038025 0.015625
25.5000 -0.2400 64.5500 0.0750 0.0650 -48 2.4300 -0.5 0.6691306063588582 -0.7431448254773942 0.005625 0.0042250000000000005
25.4700 -0.1700 64.5500 0.1800 0.1700 -79 2.4300 -0.5 0.19080899537654492 -0.981627183447664 0.0324 0.028900000000000006
25.5000 -0.2400 95.5800 0.0750 0.0650 -48 3.4900 -0.5 0.6691306063588582 -0.7431448254773942 0.005625 0.0042250000000000005
25.4700 -0.1700 95.5800 0.1800 0.1700 -79 3.4900 -0.5 0.19080899537654492 -0.981627183447664 0.0324 0.028900000000000006
25.5500 -0.5800 58.6000 0.1600 0.1100 -32 2.6400 -0.5 0.848048096156426 -0.5299192642332049 0.0256 0.0121
25.7400 -0.0800 62.8500 0.2200 0.0650 -19 2.3500 -0.5 0.9455185755993168 -0.3255681544571567 0.0484 0.0042250000000000005
25.6800 -0.4900 62.4200 0.2200 0.1050 3 2.2200 -0.5 0.9986295347545738 0.052335956242943835 0.0484 0.011024999999999998
25.6700 -0.2600 93.8800 0.1800 0.1500 12 2.7800 -0.5 0.9781476007338057 0.20791169081775934 0.0324 0.0225
25.4300 0.0700 55.1900 0.2050 0.1000 26 3.7500 0.5 0.898794046299167 0.4383711467890774 0.04202499999999999 0.010000000000000002
25.8300 0.3000 57.3200 0.1700 0.0950 85 2.6800 0.5 0.08715574274765812 0.9961946980917455 0.028900000000000006 0.009025
25.6800 0.7300 43.7200 0.2400 0.1550 -13 2.6800 -0.5 0.9743700647852352 -0.224951054343865 0.0576 0.024025
25.8600 -0.3200 12.6900 0.2500 0.1900 -16 2.9400 -0.5 0.9612616959383189 -0.27563735581699916 0.0625 0.0361
25.6000 0.1000 100.6800 0.2050 0.1450 -8 3.5400 0.5 0.9902680687415704 -0.13917310096006544 0.04202499999999999 0.021025
25.8700 0.3100 93.4500 0.2700 0.1400 4 2.9300 0.5 0.9975640502598242 0.0697564737441253 0.0729 0.019600000000000003
25.7300 0.6400 49.2400 0.1800 0.1700 9 3.2000 -0.5 0.9876883405951378 0.15643446504023087 0.0324 0.028900000000000006
25.8900 0.0600 30.5400 0.2150 0.0850 15 3.3300 -0.5 0.9659258262890683 0.25881904510252074 0.046224999999999995 0.007225000000000001
25.9300 -0.0300 101.1000 0.2200 0.1100 -65 3.4700 -0.5 0.42261826174069944 -0.9063077870366499 0.0484 0.0121
25.8400 0.2100 98.5500 0.1400 0.1300 16 2.1700 -0.5 0.9612616959383189 0.27563735581699916 0.019600000000000003 0.016900000000000002
25.9800 0.1600 70.5000 0.1500 0.1000 -21 4.7400 -0.5 0.9335804264972017 -0.35836794954530027 0.0225 0.010000000000000002
25.9800 0.6900 46.2700 0.2050 0.1550 -54 2.8000 -0.5 0.5877852522924732 -0.8090169943749473 0.04202499999999999 0.024025
26.0800 -0.0500 90.0500 0.1600 0.1500 -72 2.9400 -0.5 0.30901699437494745 -0.9510565162951535 0.0256 0.0225
26.4100 0.0500 96.8500 0.2700 0.1200 -4 3.3300 -0.5 0.9975640502598242 -0.0697564737441253 0.0729 0.0144
26.2900 0.1900 70.9200 0.1300 0.0800 -51 3.4100 0.5 0.6293203910498375 -0.7771459614569708 0.016900000000000002 0.0064
26.2800 -0.1000 100.6800 0.1850 0.1050 -80 3.8200 -0.5 0.17364817766693041 -0.984807753012208 0.034225 0.011024999999999998
26.3200 0.0300 55.1900 0.1350 0.0900 -59 4.3200 -0.5 0.5150380749100542 -0.8571673007021123 0.018225 0.0081
26.5100 0.7700 47.5400 0.2350 0.1150 0 3.8500 0.5 1.0 0.0 0.055224999999999996 0.013225
26.4400 -0.6700 64.5500 0.2250 0.0850 36 3.7000 -0.5 0.8090169943749475 0.5877852522924731 0.050625 0.007225000000000001
26.5500 -0.7200 67.9500 0.1700 0.0750 75 3.4700 -0.5 0.25881904510252074 0.9659258262890683 0.028900000000000006 0.005625
26.5900 -0.0400 26.7200 0.1400 0.0900 -70 4.9500 -0.5 0.3420201433256688 -0.9396926207859083 0.019600000000000003 0.0081
26.7700 0.4600 86.2300 0.2000 0.1250 59 4.1000 0.5 0.5150380749100542 0.8571673007021123 0.04000000000000001 0.015625
26.6300 -0.0200 25.0100 0.2750 0.1100 -69 4.8400 -0.5 0.3583679495453004 -0.9335804264972017 0.07562500000000001 0.0121
26.6500 -0.0700 65.8200 0.2600 0.1150 18 4.4500 0.5 0.9510565162951535 0.3090169943749474 0.06760000000000001 0.013225
26.7400 0.0500 100.2500 0.1700 0.1450 86 4.4500 -0.5 0.06975647374412523 0.9975640502598242 0.028900000000000006 0.021025
26.5700 -0.5600 8.4400 0.1900 0.1000 71 1.7500 -0.5 0.32556815445715676 0.9455185755993167 0.0361 0.010000000000000002
26.5300 -0.6800 57.3200 0.2000 0.0500 36 2.8600 -0.5 0.8090169943749475 0.5877852522924731 0.04000000000000001 0.0025000000000000005
26.9200 -0.0900 80.2700 0.2050 0.1300 -18 3.4000 0.5 0.9510565162951535 -0.3090169943749474 0.04202499999999999 0.016900000000000002
26.9700 -0.3300 68.8000 0.1300 0.1050 -28 2.8400 0.5 0.882947592858927 -0.4694715627858908 0.016900000000000002 0.011024999999999998
27.0800 -0.5300 86.2300 0.1650 0.0850 85 1.9500 -0.5 0.08715574274765812 0.9961946980917455 0.027225000000000003 0.007225000000000001
27.2600 0.0900 102.3800 0.1800 0.1700 -42 2.9000 -0.5 0.7431448254773942 -0.6691306063588582 0.0324 0.028900000000000006
27.2900 -0.1600 47.5400 0.1900 0.0250 4 5.9500 -0.5 0.9975640502598242 0.0697564737441253 0.0361 0.0006250000000000001
27.1700 0.2400 25.0100 0.3250 0.1300 47 8.1300 0.5 0.6819983600624985 0.7313537016191705 0.10562500000000001 0.016900000000000002
27.2000 0.1000 33.0900 0.3600 0.1050 -8 5.3900 0.5 0.9902680687415704 -0.13917310096006544 0.1296 0.011024999999999998
27.3100 -0.6700 69.2200 0.1500 0.0900 -50 3.0800 -0.5 0.6427876096865394 -0.766044443118978 0.0225 0.0081
27.3800 -0.1300 75.6000 0.1550 0.0700 82 4.3900 -0.5 0.13917310096006547 0.9902680687415704 0.024025 0.004900000000000001
27.3000 0.0600 92.6000 0.2550 0.1700 -1 3.9000 -0.5 0.9998476951563913 -0.01745240643728351 0.065025 0.028900000000000006
27.5300 -0.9100 86.6500 0.0900 0.0350 3 2.0700 0.5 0.9986295347545738 0.052335956242943835 0.0081 0.0012250000000000002
27.5600 -0.2400 95.5800 0.2100 0.1000 62 1.9400 0.5 0.46947156278589086 0.8829475928589269 0.04409999999999999 0.010000000000000002
27.7700 0.0300 83.2500 0.2450 0.1450 5 4.2700 -0.5 0.9961946980917455 0.08715574274765817 0.060024999999999995 0.021025
27.6100 0.8300 7.1600 0.2800 0.1100 4 2.5300 0.5 0.9975640502598242 0.0697564737441253 0.07840000000000001 0.0121
27.8600 0.0100 76.0200 0.1950 0.1500 -34 4.0300 -0.5 0.8290375725550416 -0.5591929034707469 0.038025 0.0225
27.8400 0.0400 100.6800 0.1600 0.0900 24 3.5100 -0.5 0.9135454576426009 0.4067366430758002 0.0256 0.0081
27.8800 0.3200 7.1600 0.2450 0.1300 -53 6.2700 -0.5 0.6018150231520484 -0.7986355100472928 0.060024999999999995 0.016900000000000002
27.8100 -0.2900 44.1400 0.1100 0.0650 22 2.3000 -0.5 0.9271838545667874 0.374606593415912 0.0121 0.0042250000000000005
27.8700 0.1600 42.0200 0.1300 0.0550 9 3.9100 -0.5 0.9876883405951378 0.15643446504023087 0.016900000000000002 0.003025
28.0300 -0.0600 48.8200 0.2050 0.1500 54 3.2500 -0.5 0.5877852522924732 0.8090169943749473 0.04202499999999999 0.0225
28.0000 -0.1200 96.4300 0.1800 0.1400 47 2.7700 -0.5 0.6819983600624985 0.7313537016191705 0.0324 0.019600000000000003
27.9100 0.1900 98.5500 0.1550 0.0950 8 3.1800 -0.5 0.9902680687415704 0.13917310096006544 0.024025 0.009025
28.1200 -0.4300 45.8400 0.1950 0.0600 -5 2.7400 -0.5 0.9961946980917455 -0.08715574274765817 0.038025 0.0036
28.2000 -0.1800 45.4200 0.1350 0.0700 52 2.0100 -0.5 0.6156614753256583 0.7880107536067219 0.018225 0.004900000000000001
28.1500 0.2000 35.6400 0.1700 0.0500 -6 4.5400 0.5 0.9945218953682733 -0.10452846326765347 0.028900000000000006 0.0025000000000000005
28.1700 -0.0900 98.1300 0.1300 0.1100 -41 3.1700 -0.5 0.754709580222772 -0.6560590289905073 0.016900000000000002 0.0121
28.3200 -0.3500 76.8700 0.2050 0.1550 19 3.9400 0.5 0.9455185755993168 0.3255681544571567 0.04202499999999999 0.024025
28.3800 0.1400 87.9300 0.2650 0.1050 -31 5.8400 0.5 0.8571673007021123 -0.5150380749100542 0.07022500000000001 0.011024999999999998
28.1800 0.3100 55.6200 0.1250 0.0600 -20 3.3200 -0.5 0.9396926207859084 -0.3420201433256687 0.015625 0.0036
28.2200 -0.5700 5.8900 0.3050 0.1800 -13 7.0100 -0.5 0.9743700647852352 -0.224951054343865 0.093025 0.0324
28.4300 0.0400 78.5700 0.2700 0.2050 5 5.3400 -0.5 0.9961946980917455 0.08715574274765817 0.0729 0.04202499999999999
28.4100 -0.1800 46.6900 0.1900 0.1200 69 2.9300 -0.5 0.3583679495453004 0.9335804264972017 0.0361 0.0144
28.5500 -0.0700 34.3700 0.2550 0.1400 -10 4.9900 0.5 0.984807753012208 -0.17364817766693033 0.065025 0.019600000000000003
28.4300 -0.4400 42.8700 0.1000 0.0650 -7 3.1200 -0.5 0.992546151641322 -0.12186934340514748 0.010000000000000002 0.0042250000000000005
28.4900 -0.0200 98.9800 0.1600 0.1450 13 2.9500 -0.5 0.9743700647852352 0.224951054343865 0.0256 0.021025
28.5100 -0.2200 73.0500 0.2650 0.2300 52 3.3900 -0.5 0.6156614753256583 0.7880107536067219 0.07022500000000001 0.0529
28.5300 -0.0300 43.7200 0.1700 0.0300 -3 2.3300 -0.5 0.9986295347545738 -0.052335956242943835 0.028900000000000006 0.0009
28.7000 -0.0500 87.0800 0.2250 0.1350 -73 4.8500 -0.5 0.29237170472273677 -0.9563047559630354 0.050625 0.018225
28.7700 -0.1900 63.7000 0.2450 0.1450 -55 6.3500 -0.5 0.5735764363510462 -0.8191520442889917 0.060024999999999995 0.021025
29.0600 0.1500 52.2200 0.1550 0.0800 -30 5.6900 -0.5 0.8660254037844387 -0.49999999999999994 0.024025 0.0064
28.9000 -0.3400 87.9300 0.2250 0.1800 -48 4.4000 -0.5 0.6691306063588582 -0.7431448254773942 0.050625 0.0324
28.9800 0.0100 51.3700 0.1250 0.0550 35 2.2400 -0.5 0.8191520442889918 0.573576436351046 0.015625 0.003025
28.8300 -0.1900 95.5800 0.1500 0.1500 -34 3.4300 -0.5 0.8290375725550416 -0.5591929034707469 0.0225 0.0225
29.0700 -0.5100 65.8200 0.2450 0.1600 73 4.4300 -0.5 0.29237170472273677 0.9563047559630354 0.060024999999999995 0.0256
29.0800 -0.4500 22.0400 0.2550 0.0650 -49 5.7400 -0.5 0.6560590289905074 -0.7547095802227719 0.065025 0.0042250000000000005
29.1100 -0.7700 52.6400 0.1500 0.0850 20 3.6800 -0.5 0.9396926207859084 0.3420201433256687 0.0225 0.007225000000000001
28.9900 -0.4700 80.2700 0.2300 0.1450 22 4.9300 -0.5 0.9271838545667874 0.374606593415912 0.0529 0.021025
29.1100 0.0300 97.2800 0.1750 0.1450 -24 2.2300 -0.5 0.9135454576426009 -0.4067366430758002 0.030624999999999996 0.021025
29.1100 -0.2100 48.3900 0.2450 0.1000 85 3.0500 0.5 0.08715574274765812 0.9961946980917455 0.060024999999999995 0.010000000000000002
29.1600 -0.2800 94.7300 0.1350 0.1000 -51 3.6500 -0.5 0.6293203910498375 -0.7771459614569708 0.018225 0.010000000000000002
29.2300 0.0800 96.0000 0.1700 0.1150 40 3.3500 -0.5 0.7660444431189781 0.6427876096865393 0.028900000000000006 0.013225
29.2100 -0.0100 79.4200 0.2450 0.1250 31 4.5700 -0.5 0.8571673007021123 0.5150380749100542 0.060024999999999995 0.015625
29.3000 -0.1300 47.5400 0.1700 0.1300 -19 3.0900 -0.5 0.9455185755993168 -0.3255681544571567 0.028900000000000006 0.016900000000000002
29.4000 -0.6500 21.1900 0.0850 0.0350 49 5.0000 -0.5 0.6560590289905074 0.7547095802227719 0.007225000000000001 0.0012250000000000002
29.3200 -0.5900 64.1200 0.1900 0.0950 -86 3.9300 -0.5 0.06975647374412523 -0.9975640502598242 0.0361 0.009025
29.3900 -0.6400 9.2900 0.3900 0.1950 8 2.1500 -0.5 0.9902680687415704 0.13917310096006544 0.1521 0.038025
29.4200 -0.4600 78.5700 0.2100 0.1950 47 3.7800 -0.5 0.6819983600624985 0.7313537016191705 0.04409999999999999 0.038025
29.4500 0.1400 79.8500 0.2100 0.1100 35 4.0800 -0.5 0.8191520442889918 0.573576436351046 0.04409999999999999 0.0121
29.6900 -0.6000 75.6000 0.2750 0.2300 34 3.9200 -0.5 0.8290375725550416 0.5591929034707469 0.07562500000000001 0.0529
29.7100 0.0900 94.7300 0.2050 0.1150 5 3.3800 -0.5 0.9961946980917455 0.08715574274765817 0.04202499999999999 0.013225
29.7700 -0.4400 82.4000 0.2200 0.1500 -8 3.7600 -0.5 0.9902680687415704 -0.13917310096006544 0.0484 0.0225
29.6500 0.1000 83.2500 0.1550 0.0850 -4 2.5400 0.5 0.9975640502598242 -0.0697564737441253 0.024025 0.007225000000000001
29.7900 -0.2200 89.6300 0.2550 0.1550 -5 3.4100 0.5 0.9961946980917455 -0.08715574274765817 0.065025 0.024025
29.9600 -0.2800 96.8500 0.1950 0.1450 34 3.4700 0.5 0.8290375725550416 0.5591929034707469 0.038025 0.021025
29.9600 -0.0900 7.5900 0.2700 0.1350 -60 1.6600 0.5 0.5000000000000001 -0.8660254037844386 0.0729 0.018225
29.8100 0.1200 38.6200 0.2400 0.0750 4 4.6000 -0.5 0.9975640502598242 0.0697564737441253 0.0576 0.005625
29.9500 -0.3700 47.9700 0.1000 0.0800 86 2.9300 -0.5 0.06975647374412523 0.9975640502598242 0.010000000000000002 0.0064
29.9900 -0.7500 84.1000 0.2050 0.0650 -6 3.4300 -0.5 0.9945218953682733 -0.10452846326765347 0.04202499999999999 0.0042250000000000005
30.1400 -0.1300 49.6700 0.2500 0.0700 -1 2.7400 0.5 0.9998476951563913 -0.01745240643728351 0.0625 0.004900000000000001
29.9800 -0.5400 72.2000 0.2650 0.2050 42 3.8500 -0.5 0.7431448254773942 0.6691306063588582 0.07022500000000001 0.04202499999999999
30.2000 -0.1000 70.5000 0.3700 0.1550 -60 2.9900 -0.5 0.5000000000000001 -0.8660254037844386 0.1369 0.024025
30.4300 -0.0100 83.6700 0.1900 0.1000 24 2.7000 -0.5 0.9135454576426009 0.4067366430758002 0.0361 0.010000000000000002
30.4800 -0.1000 87.0800 0.2050 0.1400 31 2.7000 -0.5 0.8571673007021123 0.5150380749100542 0.04202499999999999 0.019600000000000003
30.2800 0.0500 43.7200 0.1800 0.0950 18 5.7100 0.5 0.9510565162951535 0.3090169943749474 0.0324 0.009025
30.2200 -0.2700 92.1800 0.2000 0.1500 -43 3.0600 -0.5 0.7313537016191705 -0.6819983600624985 0.04000000000000001 0.0225
30.5600 0.3500 93.4500 0.2300 0.1000 -11 2.9900 -0.5 0.981627183447664 -0.1908089953765448 0.0529 0.010000000000000002
30.5500 0.4500 16.5100 0.2850 0.0800 -5 4.3900 0.5 0.9961946980917455 -0.08715574274765817 0.08122499999999999 0.0064
30.4300 -0.2900 47.5400 0.1850 0.0950 -61 2.3100 0.5 0.48480962024633717 -0.8746197071393957 0.034225 0.009025
30.5000 0.4000 44.9900 0.1600 0.0850 89 2.1900 -0.5 0.0174524064372836 0.9998476951563913 0.0256 0.007225000000000001
30.3600 -0.7700 12.2600 0.2050 0.1000 -3 4.5700 -0.5 0.9986295347545738 -0.052335956242943835 0.04202499999999999 0.010000000000000002
30.6600 -0.3900 12.2600 0.2350 0.1200 -28 4.5600 -0.5 0.882947592858927 -0.4694715627858908 0.055224999999999996 0.0144
30.8900 0.0200 38.6200 0.2850 0.1300 0 3.9800 -0.5 1.0 0.0 0.08122499999999999 0.016900000000000002
30.7200 0.3000 88.3500 0.2050 0.1700 33 3.0500 0.5 0.838670567945424 0.5446390350150271 0.04202499999999999 0.028900000000000006
30.6600 -0.0800 93.4500 0.1800 0.1450 -5 5.1300 -0.5 0.9961946980917455 -0.08715574274765817 0.0324 0.021025
30.7300 -0.4300 91.7500 0.2050 0.1200 -33 3.6800 -0.5 0.838670567945424 -0.5446390350150271 0.04202499999999999 0.0144
30.5200 0.9200 51.3700 0.0750 0.0400 -6 1.7600 -0.5 0.9945218953682733 -0.10452846326765347 0.005625 0.0016
30.7400 0.0000 42.4400 0.2250 0.0900 -11 3.7300 0.5 0.981627183447664 -0.1908089953765448 0.050625 0.0081
30.9000 0.3300 83.6700 0.1950 0.1750 -90 2.9400 -0.5 6.123233995736766e-17 -1.0 0.038025 0.030624999999999996
30.6300 -0.4800 94.7300 0.1500 0.1450 -4 3.6600 -0.5 0.9975640502598242 -0.0697564737441253 0.0225 0.021025
30.6800 0.0700 79.4200 0.1950 0.1650 11 8.6200 -0.5 0.981627183447664 0.1908089953765448 0.038025 0.027225000000000003
30.8500 0.5400 79.8500 0.1100 0.0900 67 1.9300 -0.5 0.3907311284892737 0.9205048534524404 0.0121 0.0081
30.6000 -0.8500 80.2700 0.2200 0.0500 1 3.3900 0.5 0.9998476951563913 0.01745240643728351 0.0484 0.0025000000000000005
30.9700 0.1600 60.7200 0.1400 0.1050 -63 3.0700 -0.5 0.4539904997395468 -0.8910065241883678 0.019600000000000003 0.011024999999999998
30.9200 0.4800 79.0000 0.1450 0.1100 1 3.3500 0.5 0.9998476951563913 0.01745240643728351 0.021025 0.0121
30.8200 -0.2600 52.6400 0.2200 0.0900 25 3.4100 -0.5 0.9063077870366499 0.42261826174069944 0.0484 0.0081
30.8700 -0.5000 73.0500 0.2350 0.1300 -69 1.6200 0.5 0.3583679495453004 -0.9335804264972017 0.055224999999999996 0.016900000000000002
30.6200 -0.8300 79.0000 0.2850 0.0550 -3 5.0300 -0.5 0.9986295347545738 -0.052335956242943835 0.08122499999999999 0.003025
30.7500 0.1200 67.9500 0.2400 0.1150 37 4.2100 -0.5 0.7986355100472928 0.6018150231520483 0.0576 0.013225
31.0800 -0.0600 78.1500 0.1400 0.0700 -4 4.3100 -0.5 0.9975640502598242 -0.0697564737441253 0.019600000000000003 0.004900000000000001
30.9800 -0.5900 82.8200 0.1950 0.1700 73 3.4100 0.5 0.29237170472273677 0.9563047559630354 0.038025 0.028900000000000006
30.9400 0.2600 77.7200 0.2700 0.1150 3 5.8900 -0.5 0.9986295347545738 0.052335956242943835 0.0729 0.013225
31.1600 0.7700 50.5200 0.1700 0.1150 -7 3.2700 -0.5 0.992546151641322 -0.12186934340514748 0.028900000000000006 0.013225
31.3100 -0.0600 44.5700 0.2650 0.1050 22 6.3600 0.5 0.9271838545667874 0.374606593415912 0.07022500000000001 0.011024999999999998
31.3300 -0.0500 79.0000 0.2000 0.1400 -45 4.7900 -0.5 0.7071067811865476 -0.7071067811865475 0.04000000000000001 0.019600000000000003
31.1900 -0.4200 13.9600 0.3100 0.0950 -78 5.4600 -0.5 0.20791169081775945 -0.9781476007338056 0.0961 0.009025
31.3900 -0.6000 84.9500 0.1150 0.0850 41 2.9100 0.5 0.754709580222772 0.6560590289905073 0.013225 0.007225000000000001
31.1700 -0.1200 87.0800 0.2300 0.2050 -79 4.1300 0.5 0.19080899537654492 -0.981627183447664 0.0529 0.04202499999999999
31.4500 -0.4300 90.0500 0.1950 0.1150 29 3.4600 0.5 0.8746197071393957 0.48480962024633706 0.038025 0.013225
31.3900 0.3300 24.5900 0.2800 0.1600 57 7.5200 0.5 0.5446390350150271 0.838670567945424 0.07840000000000001 0.0256
31.6900 -0.3300 80.2700 0.1600 0.0500 85 2.9600 -0.5 0.08715574274765812 0.9961946980917455 0.0256 0.0025000000000000005
31.7200 -0.4500 88.7800 0.0950 0.0350 -90 2.0500 0.5 6.123233995736766e-17 -1.0 0.009025 0.0012250000000000002
31.9000 0.8200 62.0000 0.0650 0.0500 -37 3.5300 -0.5 0.7986355100472928 -0.6018150231520483 0.0042250000000000005 0.0025000000000000005
32.1500 -0.5600 71.3500 0.2700 0.1300 45 4.2900 -0.5 0.7071067811865476 0.7071067811865475 0.0729 0.016900000000000002
32.1600 0.3500 23.3100 0.0450 0.0350 45 1.6100 -0.5 0.7071067811865476 0.7071067811865475 0.002025 0.0012250000000000002
32.3700 -0.0300 82.8200 0.1850 0.0750 31 3.3500 0.5 0.8571673007021123 0.5150380749100542 0.034225 0.005625
32.4400 0.0900 10.5600 0.4400 0.1300 51 1.7800 0.5 0.6293203910498375 0.7771459614569708 0.1936 0.016900000000000002
32.2200 -0.0400 43.2900 0.2600 0.0600 -33 5.4700 0.5 0.838670567945424 -0.5446390350150271 0.06760000000000001 0.0036
32.6000 0.2700 50.9400 0.1750 0.0800 0 4.6900 0.5 1.0 0.0 0.030624999999999996 0.0064
32.5300 0.0600 76.4500 0.1900 0.0900 89 4.1900 0.5 0.0174524064372836 0.9998476951563913 0.0361 0.0081
32.5700 0.9000 20.7600 0.1200 0.0500 -7 1.6400 -0.5 0.992546151641322 -0.12186934340514748 0.0144 0.0025000000000000005
32.5500 -0.3500 44.1400 0.2250 0.0600 30 2.3100 0.5 0.8660254037844387 0.49999999999999994 0.050625 0.0036
32.6800 0.4800 8.8600 0.1400 0.1050 20 1.2000 -0.5 0.9396926207859084 0.3420201433256687 0.019600000000000003 0.011024999999999998
32.8500 0.0800 19.4900 0.2150 0.0400 44 2.3600 0.5 0.7193398003386512 0.6946583704589973 0.046224999999999995 0.0016
32.8100 0.0900 16.0900 0.2600 0.0500 88 3.5100 0.5 0.03489949670250108 0.9993908270190958 0.06760000000000001 0.0025000000000000005
32.8400 0.8300 9.2900 0.1050 0.0650 59 1.4100 -0.5 0.5150380749100542 0.8571673007021123 0.011024999999999998 0.0042250000000000005
32.8200 -0.5600 88.3500 0.2000 0.1000 -27 1.9800 -0.5 0.8910065241883679 -0.45399049973954675 0.04000000000000001 0.010000000000000002
32.8400 -0.1800 81.1200 0.1950 0.1200 -7 3.3800 -0.5 0.992546151641322 -0.12186934340514748 0.038025 0.0144
33.3500 -0.3700 49.2400 0.4150 0.0950 -15 3.2100 0.5 0.9659258262890683 -0.25881904510252074 0.172225 0.009025
33.2300 0.3300 90.9000 0.3300 0.1350 21 4.1000 0.5 0.9335804264972017 0.35836794954530027 0.10890000000000001 0.018225
33.1000 -0.0200 83.6700 0.2150 0.1000 -17 4.1300 0.5 0.9563047559630354 -0.29237170472273677 0.046224999999999995 0.010000000000000002
33.0900 0.0000 9.2900 0.2300 0.2050 4 2.0600 0.5 0.9975640502598242 0.0697564737441253 0.0529 0.04202499999999999
33.2700 0.0400 70.9200 0.3200 0.0800 -2 3.9700 -0.5 0.9993908270190958 -0.03489949670250097 0.1024 0.0064
33.2000 -0.1400 76.8700 0.2900 0.1200 -10 4.6400 -0.5 0.984807753012208 -0.17364817766693033 0.0841 0.0144
33.3700 0.8400 10.5600 0.1250 0.0650 -37 1.1800 -0.5 0.7986355100472928 -0.6018150231520483 0.015625 0.0042250000000000005
33.8000 -0.3300 58.1700 0.3100 0.1350 44 6.7600 -0.5 0.7193398003386512 0.6946583704589973 0.0961 0.018225
33.8700 -0.0700 61.1500 0.3800 0.1850 52 4.7400 0.5 0.6156614753256583 0.7880107536067219 0.1444 0.034225
33.9200 -0.3600 11.8400 0.2850 0.1950 -13 2.2000 0.5 0.9743700647852352 -0.224951054343865 0.08122499999999999 0.038025
34.1900 0.0500 57.7500 0.2500 0.2050 -3 5.9800 -0.5 0.9986295347545738 -0.052335956242943835 0.0625 0.04202499999999999
34.4400 -0.7100 11.8400 0.1900 0.1550 4 1.9000 -0.5 0.9975640502598242 0.0697564737441253 0.0361 0.024025
34.3700 -0.8200 13.5400 0.2050 0.0850 6 1.5800 -0.5 0.9945218953682733 0.10452846326765347 0.04202499999999999 0.007225000000000001
34.6200 -0.1000 79.0000 0.1350 0.0800 56 3.0100 -0.5 0.5591929034707469 0.8290375725550416 0.018225 0.0064
34.6600 -0.0700 77.3000 0.2350 0.1500 -4 3.6500 -0.5 0.9975640502598242 -0.0697564737441253 0.055224999999999996 0.0225
34.6000 -0.0400 77.3000 0.1650 0.1200 35 3.6500 -0.5 0.8191520442889918 0.573576436351046 0.027225000000000003 0.0144
34.6600 -0.0700 44.5700 0.2350 0.1500 -4 4.0200 -0.5 0.9975640502598242 -0.0697564737441253 0.055224999999999996 0.0225
34.6000 -0.0400 44.5700 0.1650 0.1200 35 4.0200 -0.5 0.8191520442889918 0.573576436351046 0.027225000000000003 0.0144
34.4700 -0.6700 55.1900 0.2100 0.1700 89 5.2200 -0.5 0.0174524064372836 0.9998476951563913 0.04409999999999999 0.028900000000000006
34.9000 -0.0900 43.2900 0.2450 0.1750 -69 2.5400 -0.5 0.3583679495453004 -0.9335804264972017 0.060024999999999995 0.030624999999999996
34.8100 -0.2500 82.4000 0.2000 0.1650 37 2.4300 -0.5 0.7986355100472928 0.6018150231520483 0.04000000000000001 0.027225000000000003
34.7900 -0.7400 37.7700 0.1450 0.0950 77 3.2300 0.5 0.22495105434386492 0.9743700647852352 0.021025 0.009025
34.7600 0.4200 45.8400 0.2800 0.1150 5 4.9500 -0.5 0.9961946980917455 0.08715574274765817 0.07840000000000001 0.013225
34.8200 -0.0800 78.5700 0.1600 0.0750 -60 3.2700 -0.5 0.5000000000000001 -0.8660254037844386 0.0256 0.005625
34.8800 -0.6300 46.6900 0.2100 0.1700 51 4.3300 -0.5 0.6293203910498375 0.7771459614569708 0.04409999999999999 0.028900000000000006
34.9000 -0.7800 36.9200 0.1400 0.1250 -12 2.5900 -0.5 0.9781476007338057 -0.20791169081775934 0.019600000000000003 0.015625
34.9800 0.2700 58.6000 0.2150 0.1650 5 3.0500 -0.5 0.9961946980917455 0.08715574274765817 0.046224999999999995 0.027225000000000003
34.8600 0.7900 30.5400 0.0450 0.0300 0 3.8100 -0.5 1.0 0.0 0.002025 0.0009
34.8100 0.3000 53.0700 0.2800 0.1800 19 3.6000 -0.5 0.9455185755993168 0.3255681544571567 0.07840000000000001 0.0324
35.1300 -0.0700 27.9900 0.2200 0.1250 -2 2.2100 -0.5 0.9993908270190958 -0.03489949670250097 0.0484 0.015625
34.9300 0.0200 14.8100 0.4150 0.1200 58 0.8900 0.5 0.5299192642332049 0.848048096156426 0.172225 0.0144
35.0600 -0.5200 15.2400 0.1250 0.0850 -18 1.6400 -0.5 0.9510565162951535 -0.3090169943749474 0.015625 0.007225000000000001
35.0300 -0.4800 50.5200 0.2100 0.1700 69 2.9300 -0.5 0.3583679495453004 0.9335804264972017 0.04409999999999999 0.028900000000000006
35.1900 -0.0100 14.3900 0.1500 0.0750 80 1.6200 -0.5 0.17364817766693041 0.984807753012208 0.0225 0.005625
35.2200 -0.7800 35.2200 0.1550 0.1100 -11 5.0000 -0.5 0.981627183447664 -0.1908089953765448 0.024025 0.0121
35.4600 -0.1500 61.1500 0.2050 0.1800 -69 4.5000 -0.5 0.3583679495453004 -0.9335804264972017 0.04202499999999999 0.0324
35.2400 -0.7400 13.5400 0.1750 0.1300 10 2.0300 -0.5 0.984807753012208 0.17364817766693033 0.030624999999999996 0.016900000000000002
35.2900 0.4100 80.2700 0.2350 0.0700 -63 2.0600 -0.5 0.4539904997395468 -0.8910065241883678 0.055224999999999996 0.004900000000000001
35.2000 -0.7400 44.1400 0.1600 0.1050 46 3.3400 0.5 0.6946583704589974 0.7193398003386511 0.0256 0.011024999999999998
35.3900 0.1400 14.8100 0.1700 0.0700 76 1.5000 -0.5 0.24192189559966767 0.9702957262759965 0.028900000000000006 0.004900000000000001
35.3800 0.1100 76.4500 0.1850 0.1150 7 4.7000 0.5 0.992546151641322 0.12186934340514748 0.034225 0.013225
35.3100 0.1800 48.3900 0.2150 0.1300 14 3.6100 -0.5 0.9702957262759965 0.24192189559966773 0.046224999999999995 0.016900000000000002
35.3000 -0.1200 45.4200 0.1850 0.1500 -57 3.2700 -0.5 0.5446390350150271 -0.838670567945424 0.034225 0.0225
35.3400 0.7800 11.4100 0.4050 0.1550 6 3.2200 -0.5 0.9945218953682733 0.10452846326765347 0.16402500000000003 0.024025
35.3400 -0.3900 44.9900 0.1650 0.0950 -26 3.0200 -0.5 0.898794046299167 -0.4383711467890774 0.027225000000000003 0.009025
35.5200 -0.1000 54.3400 0.2050 0.1750 41 3.8400 -0.5 0.754709580222772 0.6560590289905073 0.04202499999999999 0.030624999999999996
35.5800 -0.0300 50.5200 0.1600 0.0950 70 2.5300 -0.5 0.3420201433256688 0.9396926207859083 0.0256 0.009025
35.7800 -0.1600 45.4200 0.2150 0.0900 -26 3.0800 -0.5 0.898794046299167 -0.4383711467890774 0.046224999999999995 0.0081
35.5800 -0.8400 33.9400 0.1300 0.0900 -50 2.9600 -0.5 0.6427876096865394 -0.766044443118978 0.016900000000000002 0.0081
35.7800 -0.9100 57.3200 0.0600 0.0300 -3 3.1800 -0.5 0.9986295347545738 -0.052335956242943835 0.0036 0.0009
36.0000 0.6900 81.1200 0.2000 0.0650 42 1.6500 0.5 0.7431448254773942 0.6691306063588582 0.04000000000000001 0.0042250000000000005
35.6900 0.1400 29.2700 0.1400 0.0700 -14 1.5300 -0.5 0.9702957262759965 -0.24192189559966773 0.019600000000000003 0.004900000000000001
35.6900 -0.2600 28.4200 0.1450 0.0900 -27 1.7800 -0.5 0.8910065241883679 -0.45399049973954675 0.021025 0.0081
35.7800 -0.7900 13.9600 0.1100 0.0750 -42 1.6800 -0.5 0.7431448254773942 -0.6691306063588582 0.0121 0.005625
36.0000 -0.1800 52.6400 0.1550 0.1150 -22 3.9900 -0.5 0.9271838545667874 -0.374606593415912 0.024025 0.013225
35.9800 0.3000 62.0000 0.3200 0.2150 43 4.2500 -0.5 0.7313537016191705 0.6819983600624985 0.1024 0.046224999999999995
36.0900 -0.0800 29.6900 0.1000 0.0500 11 1.1400 -0.5 0.981627183447664 0.1908089953765448 0.010000000000000002 0.0025000000000000005
36.1300 -0.2300 59.8700 0.2900 0.1950 -12 3.9200 -0.5 0.9781476007338057 -0.20791169081775934 0.0841 0.038025
36.1800 -0.7900 13.1100 0.2350 0.1350 -20 2.6200 -0.5 0.9396926207859084 -0.3420201433256687 0.055224999999999996 0.018225
36.2100 0.6400 76.4500 0.1800 0.1350 -49 4.0600 -0.5 0.6560590289905074 -0.7547095802227719 0.0324 0.018225
36.2200 -0.8600 29.2700 0.1150 0.0450 17 1.5700 -0.5 0.9563047559630354 0.29237170472273677 0.013225 0.002025
36.2800 0.0100 75.6000 0.1300 0.0400 36 3.9200 -0.5 0.8090169943749475 0.5877852522924731 0.016900000000000002 0.0016
36.1900 0.6500 22.4600 0.1450 0.1100 30 0.9200 -0.5 0.8660254037844387 0.49999999999999994 0.021025 0.0121
36.3700 0.1700 17.7900 0.1500 0.0500 34 2.0500 -0.5 0.8290375725550416 0.5591929034707469 0.0225 0.0025000000000000005
36.3500 0.3600 22.0400 0.0800 0.0500 -45 1.6300 -0.5 0.7071067811865476 -0.7071067811865475 0.0064 0.0025000000000000005
36.3500 0.8100 71.3500 0.1500 0.0800 -7 2.5900 -0.5 0.992546151641322 -0.12186934340514748 0.0225 0.0064
36.4900 -0.0300 30.5400 0.2400 0.1250 -34 2.8900 -0.5 0.8290375725550416 -0.5591929034707469 0.0576 0.015625
36.4500 0.2600 21.6100 0.0650 0.0400 86 0.9600 -0.5 0.06975647374412523 0.9975640502598242 0.0042250000000000005 0.0016
36.5100 0.6600 71.7700 0.1650 0.0650 -1 3.4500 -0.5 0.9998476951563913 -0.01745240643728351 0.027225000000000003 0.0042250000000000005
36.5100 0.7500 42.4400 0.1450 0.0650 46 3.6000 -0.5 0.6946583704589974 0.7193398003386511 0.021025 0.0042250000000000005
36.5100 0.8600 42.8700 0.1050 0.0300 12 1.5000 0.5 0.9781476007338057 0.20791169081775934 0.011024999999999998 0.0009
36.6000 -0.2100 76.8700 0.2100 0.1200 -16 4.7100 0.5 0.9612616959383189 -0.27563735581699916 0.04409999999999999 0.0144
36.5800 0.2100 71.7700 0.1950 0.0750 -61 2.3000 -0.5 0.48480962024633717 -0.8746197071393957 0.038025 0.005625
36.5000 -0.0900 53.4900 0.1950 0.1750 76 3.8800 -0.5 0.24192189559966767 0.9702957262759965 0.038025 0.030624999999999996
36.6600 -0.1800 55.1900 0.2100 0.1700 28 5.2800 -0.5 0.882947592858927 0.4694715627858908 0.04409999999999999 0.028900000000000006
37.0900 0.6300 22.0400 0.3100 0.1550 35 1.3500 -0.5 0.8191520442889918 0.573576436351046 0.0961 0.024025
36.7900 0.6900 44.9900 0.0500 0.0250 17 0.8300 0.5 0.9563047559630354 0.29237170472273677 0.0025000000000000005 0.0006250000000000001
36.7500 0.8000 13.5400 0.1800 0.0750 -39 2.2200 0.5 0.7771459614569709 -0.6293203910498374 0.0324 0.005625
36.9400 0.0300 15.6600 0.2400 0.1350 -90 5.3400 0.5 6.123233995736766e-17 -1.0 0.0576 0.018225
36.9800 0.7200 12.6900 0.2300 0.1250 -22 2.5200 -0.5 0.9271838545667874 -0.374606593415912 0.0529 0.015625
37.0900 -0.1400 81.9700 0.2750 0.1700 8 3.9200 0.5 0.9902680687415704 0.13917310096006544 0.07562500000000001 0.028900000000000006
37.4000 0.0200 18.6400 0.2250 0.1850 -39 2.8300 -0.5 0.7771459614569709 -0.6293203910498374 0.050625 0.034225
37.3000 -0.2500 67.5200 0.3200 0.1150 4 5.1200 0.5 0.9975640502598242 0.0697564737441253 0.1024 0.013225
37.4600 -0.3500 46.6900 0.2650 0.2350 5 4.2600 0.5 0.9961946980917455 0.08715574274765817 0.07022500000000001 0.055224999999999996
37.2200 -0.3100 37.7700 0.2450 0.1500 84 5.4000 0.5 0.10452846326765344 0.9945218953682733 0.060024999999999995 0.0225
37.5300 0.0200 42.4400 0.2850 0.1250 -83 3.1100 -0.5 0.12186934340514748 -0.992546151641322 0.08122499999999999 0.015625
37.7200 -0.4700 20.7600 0.2100 0.1700 -90 2.9400 -0.5 6.123233995736766e-17 -1.0 0.04409999999999999 0.028900000000000006
38.1400 -0.3600 74.7500 0.3900 0.1800 -14 4.3200 -0.5 0.9702957262759965 -0.24192189559966773 0.1521 0.0324
37.7400 -0.1500 47.5400 0.1200 0.0500 86 3.8300 0.5 0.06975647374412523 0.9975640502598242 0.0144 0.0025000000000000005
37.8900 -0.3600 64.9700 0.1500 0.0950 47 3.3000 0.5 0.6819983600624985 0.7313537016191705 0.0225 0.009025
37.7900 0.5800 10.9900 0.3050 0.1650 59 9.0800 0.5 0.5150380749100542 0.8571673007021123 0.093025 0.027225000000000003
37.7700 -0.3700 13.5400 0.3050 0.1300 -80 3.7600 -0.5 0.17364817766693041 -0.984807753012208 0.093025 0.016900000000000002
37.9900 -0.4200 61.1500 0.1800 0.1350 -37 5.9700 0.5 0.7986355100472928 -0.6018150231520483 0.0324 0.018225
38.1600 0.1200 42.8700 0.0600 0.0400 36 2.5800 -0.5 0.8090169943749475 0.5877852522924731 0.0036 0.0016
38.0300 -0.4700 13.1100 0.1950 0.0750 -65 3.4700 -0.5 0.42261826174069944 -0.9063077870366499 0.038025 0.005625
38.3000 -0.3200 62.8500 0.1950 0.0850 4 2.9100 -0.5 0.9975640502598242 0.0697564737441253 0.038025 0.007225000000000001
38.3300 -0.2900 65.4000 0.1700 0.0800 1 4.6500 0.5 0.9998476951563913 0.01745240643728351 0.028900000000000006 0.0064
38.4300 0.8500 45.8400 0.1450 0.0600 -13 1.8400 -0.5 0.9743700647852352 -0.224951054343865 0.021025 0.0036
38.2700 -0.8200 16.9400 0.2450 0.0900 5 1.9600 -0.5 0.9961946980917455 0.08715574274765817 0.060024999999999995 0.0081
38.2100 0.1500 17.3600 0.2850 0.1150 6 3.0400 -0.5 0.9945218953682733 0.10452846326765347 0.08122499999999999 0.013225
38.6400 0.8800 11.8400 0.1000 0.0600 -31 1.8600 -0.5 0.8571673007021123 -0.5150380749100542 0.010000000000000002 0.0036
38.6000 -0.1600 16.9400 0.2350 0.0950 1 1.9000 -0.5 0.9998476951563913 0.01745240643728351 0.055224999999999996 0.009025
38.7000 0.6000 11.4100 0.1900 0.0500 36 5.1400 -0.5 0.8090169943749475 0.5877852522924731 0.0361 0.0025000000000000005
38.5500 -0.3900 19.0600 0.2400 0.0950 -19 2.3600 -0.5 0.9455185755993168 -0.3255681544571567 0.0576 0.009025
38.9000 0.3700 16.9400 0.1600 0.1100 72 4.1000 -0.5 0.30901699437494745 0.9510565162951535 0.0256 0.0121
38.7300 -0.1200 36.0700 0.2450 0.1150 83 3.4400 -0.5 0.12186934340514748 0.992546151641322 0.060024999999999995 0.013225
38.7800 -0.1100 42.0200 0.1200 0.0750 -37 2.4100 -0.5 0.7986355100472928 -0.6018150231520483 0.0144 0.005625
38.5800 -0.4100 50.5200 0.3950 0.1300 -17 4.9600 0.5 0.9563047559630354 -0.29237170472273677 0.15602500000000002 0.016900000000000002
38.8300 0.6900 32.6700 0.2900 0.1850 -14 2.3400 -0.5 0.9702957262759965 -0.24192189559966773 0.0841 0.034225
38.8200 -0.4000 66.2500 0.2050 0.1100 36 4.3600 0.5 0.8090169943749475 0.5877852522924731 0.04202499999999999 0.0121
38.6400 0.5600 30.1200 0.2800 0.1850 -58 2.3000 -0.5 0.5299192642332049 -0.848048096156426 0.07840000000000001 0.034225
38.9000 -0.4600 44.1400 0.1250 0.1150 19 3.7000 -0.5 0.9455185755993168 0.3255681544571567 0.015625 0.013225
39.2600 0.9100 28.4200 0.2300 0.0500 -5 2.7800 -0.5 0.9961946980917455 -0.08715574274765817 0.0529 0.0025000000000000005
39.0100 -0.5100 41.5900 0.1800 0.1400 -10 2.9700 0.5 0.984807753012208 -0.17364817766693033 0.0324 0.019600000000000003
38.9900 -0.3500 60.7200 0.2300 0.1100 -5 5.1000 0.5 0.9961946980917455 -0.08715574274765817 0.0529 0.0121
38.9300 -0.6600 71.7700 0.3200 0.2100 18 5.1500 -0.5 0.9510565162951535 0.3090169943749474 0.1024 0.04409999999999999
39.0700 0.4200 22.8900 0.2200 0.0700 -28 3.2600 0.5 0.882947592858927 -0.4694715627858908 0.0484 0.004900000000000001
39.1100 -0.0500 22.4600 0.1600 0.0250 18 3.8400 0.5 0.9510565162951535 0.3090169943749474 0.0256 0.0006250000000000001
39.6000 -0.5500 64.5500 0.2750 0.0800 -3 3.4800 -0.5 0.9986295347545738 -0.052335956242943835 0.07562500000000001 0.0064
39.3600 -0.1700 69.6500 0.5050 0.2500 69 6.1800 -0.5 0.3583679495453004 0.9335804264972017 0.255025 0.0625
39.7400 -0.4100 65.8200 0.2900 0.1050 6 2.8700 -0.5 0.9945218953682733 0.10452846326765347 0.0841 0.011024999999999998
39.4000 -0.5100 53.0700 0.2600 0.1150 86 3.3900 -0.5 0.06975647374412523 0.9975640502598242 0.06760000000000001 0.013225
39.5800 0.2500 42.4400 0.0700 0.0500 31 3.5900 -0.5 0.8571673007021123 0.5150380749100542 0.004900000000000001 0.0025000000000000005
39.6800 -0.0200 43.2900 0.1750 0.0500 -35 1.3800 -0.5 0.8191520442889918 -0.573576436351046 0.030624999999999996 0.0025000000000000005
40.0200 -0.7800 53.0700 0.3600 0.0700 -49 2.5800 -0.5 0.6560590289905074 -0.7547095802227719 0.1296 0.004900000000000001
39.8900 -0.7400 13.5400 0.1950 0.0900 -5 1.1200 -0.5 0.9961946980917455 -0.08715574274765817 0.038025 0.0081
40.1100 -0.7900 29.2700 0.1800 0.0350 85 2.5500 -0.5 0.08715574274765812 0.9961946980917455 0.0324 0.0012250000000000002
39.9800 -0.9200 13.5400 0.1400 0.0250 -4 1.2000 -0.5 0.9975640502598242 -0.0697564737441253 0.019600000000000003 0.0006250000000000001
40.2700 -0.4900 57.7500 0.2050 0.1550 -32 5.8700 0.5 0.848048096156426 -0.5299192642332049 0.04202499999999999 0.024025
40.2800 0.8300 32.6700 0.3200 0.1850 -13 4.1700 0.5 0.9743700647852352 -0.224951054343865 0.1024 0.034225
40.7700 0.5800 36.0700 0.3100 0.1700 -31 4.9300 -0.5 0.8571673007021123 -0.5150380749100542 0.0961 0.028900000000000006
40.8200 -0.2200 23.7400 0.0800 0.0400 30 5.1100 -0.5 0.8660254037844387 0.49999999999999994 0.0064 0.0016
41.2300 -0.3500 39.0400 0.2100 0.1700 18 6.3600 0.5 0.9510565162951535 0.3090169943749474 0.04409999999999999 0.028900000000000006
41.2000 -0.1500 39.0400 0.2750 0.1850 -45 6.3600 0.5 0.7071067811865476 -0.7071067811865475 0.07562500000000001 0.034225
41.2300 -0.3500 65.8200 0.2100 0.1700 18 5.1600 -0.5 0.9510565162951535 0.3090169943749474 0.04409999999999999 0.028900000000000006
41.2000 -0.1500 65.8200 0.2750 0.1850 -45 5.1600 -0.5 0.7071067811865476 -0.7071067811865475 0.07562500000000001 0.034225
41.2600 0.5500 34.7900 0.2800 0.0750 50 5.6100 -0.5 0.6427876096865394 0.766044443118978 0.07840000000000001 0.005625
41.3400 -0.4300 59.8700 0.2350 0.1950 14 5.4200 0.5 0.9702957262759965 0.24192189559966773 0.055224999999999996 0.038025
41.1700 0.1800 14.8100 0.1500 0.0500 -51 5.0900 0.5 0.6293203910498375 -0.7771459614569708 0.0225 0.0025000000000000005
41.4600 -0.0500 60.3000 0.1850 0.0750 38 3.9500 0.5 0.7880107536067219 0.6156614753256583 0.034225 0.005625
41.2600 -0.1600 13.5400 0.1700 0.0750 -20 2.2700 0.5 0.9396926207859084 -0.3420201433256687 0.028900000000000006 0.005625
41.4900 -0.9100 30.1200 0.0600 0.0300 0 1.6100 -0.5 1.0 0.0 0.0036 0.0009
41.4100 -0.9000 30.1200 0.1450 0.0450 5 1.6100 -0.5 0.9961946980917455 0.08715574274765817 0.021025 0.002025
41.4900 -0.9100 35.2200 0.0600 0.0300 0 1.9200 -0.5 1.0 0.0 0.0036 0.0009
41.4100 -0.9000 35.2200 0.1450 0.0450 5 1.9200 -0.5 0.9961946980917455 0.08715574274765817 0.021025 0.002025
41.5500 0.0300 59.0200 0.0950 0.0650 -52 3.0400 -0.5 0.6156614753256583 -0.7880107536067219 0.009025 0.0042250000000000005
41.6800 -0.7800 29.2700 0.1450 0.0600 -23 1.9600 -0.5 0.9205048534524404 -0.39073112848927377 0.021025 0.0036
41.7900 -0.0200 17.7900 0.0950 0.0950 10 2.7500 0.5 0.984807753012208 0.17364817766693033 0.009025 0.009025
41.7300 0.2000 41.1700 0.3050 0.1400 15 5.1300 0.5 0.9659258262890683 0.25881904510252074 0.093025 0.019600000000000003
41.6300 -0.8500 11.4100 0.3800 0.0750 -6 2.6800 -0.5 0.9945218953682733 -0.10452846326765347 0.1444 0.005625
41.9500 -0.8200 36.4900 0.0450 0.0300 -45 1.5200 -0.5 0.7071067811865476 -0.7071067811865475 0.002025 0.0009
42.0000 -0.8000 34.7900 0.1050 0.0750 5 2.9000 -0.5 0.9961946980917455 0.08715574274765817 0.011024999999999998 0.005625
42.0000 0.0700 18.2100 0.0850 0.0350 -75 3.4700 0.5 0.25881904510252074 -0.9659258262890683 0.007225000000000001 0.0012250000000000002
42.0800 -0.3100 57.7500 0.2450 0.2100 -10 4.9400 0.5 0.984807753012208 -0.17364817766693033 0.060024999999999995 0.04409999999999999
42.1500 -0.2300 16.5100 0.1200 0.0500 57 1.4400 -0.5 0.5446390350150271 0.838670567945424 0.0144 0.0025000000000000005
42.0100 0.0600 15.6600 0.1500 0.0550 7 1.9200 -0.5 0.992546151641322 0.12186934340514748 0.0225 0.003025
42.1700 -0.5500 34.7900 0.2650 0.0950 64 3.0600 -0.5 0.4383711467890774 0.898794046299167 0.07022500000000001 0.009025
42.5600 0.2000 15.2400 0.1700 0.0850 30 0.9500 0.5 0.8660254037844387 0.49999999999999994 0.028900000000000006 0.007225000000000001
42.4800 -0.3600 65.4000 0.2850 0.1500 16 4.4900 -0.5 0.9612616959383189 0.27563735581699916 0.08122499999999999 0.0225
42.5700 -0.6000 10.9900 0.2800 0.1400 -4 1.0300 -0.5 0.9975640502598242 -0.0697564737441253 0.07840000000000001 0.019600000000000003
42.4800 -0.5300 33.9400 0.1250 0.0750 34 3.4100 -0.5 0.8290375725550416 0.5591929034707469 0.015625 0.005625
42.8000 -0.0500 64.1200 0.1500 0.1250 84 3.0500 0.5 0.10452846326765344 0.9945218953682733 0.0225 0.015625
42.8700 -0.2100 57.7500 0.2700 0.1250 -34 3.2800 -0.5 0.8290375725550416 -0.5591929034707469 0.0729 0.015625
43.1600 -0.0800 41.5900 0.1900 0.1400 78 3.6500 -0.5 0.20791169081775945 0.9781476007338056 0.0361 0.019600000000000003
43.1200 -0.4200 41.1700 0.1900 0.0950 -35 3.4000 -0.5 0.8191520442889918 -0.573576436351046 0.0361 0.009025
42.8900 -0.7400 59.0200 0.2450 0.1100 -10 3.2700 0.5 0.984807753012208 -0.17364817766693033 0.060024999999999995 0.0121
43.2300 0.7900 60.7200 0.0650 0.0450 81 3.7600 -0.5 0.15643446504023092 0.9876883405951378 0.0042250000000000005 0.002025
43.2500 -0.3100 11.8400 0.3200 0.1700 -67 7.8200 0.5 0.3907311284892737 -0.9205048534524404 0.1024 0.028900000000000006
43.1000 -0.5700 57.7500 0.2200 0.0950 -43 3.1600 0.5 0.7313537016191705 -0.6819983600624985 0.0484 0.009025
43.3200 -0.2800 62.4200 0.2950 0.1600 -21 2.8000 -0.5 0.9335804264972017 -0.35836794954530027 0.08702499999999999 0.0256
43.3000 -0.0800 16.5100 0.2350 0.0500 -2 4.2700 0.5 0.9993908270190958 -0.03489949670250097 0.055224999999999996 0.0025000000000000005
43.5400 -0.6400 58.1700 0.1850 0.0350 -39 1.5100 0.5 0.7771459614569709 -0.6293203910498374 0.034225 0.0012250000000000002
43.5200 -0.7200 41.5900 0.1000 0.0650 25 3.5500 -0.5 0.9063077870366499 0.42261826174069944 0.010000000000000002 0.0042250000000000005
44.2100 -0.7700 54.3400 0.3000 0.0950 -18 2.8100 -0.5 0.9510565162951535 -0.3090169943749474 0.09 0.009025
44.2700 -0.0900 56.9000 0.2350 0.1700 48 3.6600 0.5 0.6691306063588582 0.7431448254773942 0.055224999999999996 0.028900000000000006
44.4500 -0.7200 61.5700 0.1800 0.1050 -16 4.9700 -0.5 0.9612616959383189 -0.27563735581699916 0.0324 0.011024999999999998
44.4300 -0.2800 60.3000 0.2250 0.1650 32 3.5900 0.5 0.848048096156426 0.5299192642332049 0.050625 0.027225000000000003
44.5200 -0.1100 41.1700 0.1750 0.1550 -69 3.3500 -0.5 0.3583679495453004 -0.9335804264972017 0.030624999999999996 0.024025
44.7000 -0.0100 51.7900 0.1900 0.1300 72 2.8100 -0.5 0.30901699437494745 0.9510565162951535 0.0361 0.016900000000000002
45.2500 0.1000 59.0200 0.1600 0.0750 9 6.5400 -0.5 0.9876883405951378 0.15643446504023087 0.0256 0.005625
45.1800 -0.1500 26.7200 0.2450 0.1000 22 4.6600 -0.5 0.9271838545667874 0.374606593415912 0.060024999999999995 0.010000000000000002
45.4300 -0.6800 60.3000 0.1650 0.1050 -2 5.4900 0.5 0.9993908270190958 -0.03489949670250097 0.027225000000000003 0.011024999999999998
45.5600 0.0100 58.1700 0.2300 0.1000 -52 5.7200 0.5 0.6156614753256583 -0.7880107536067219 0.0529 0.010000000000000002
45.8900 0.3100 26.7200 0.2850 0.0950 -26 2.9300 -0.5 0.898794046299167 -0.4383711467890774 0.08122499999999999 0.009025
45.6600 -0.1000 7.5900 0.1100 0.0500 23 3.8800 0.5 0.9205048534524404 0.39073112848927377 0.0121 0.0025000000000000005
45.7900 -0.3500 58.6000 0.2650 0.1200 -39 3.8600 0.5 0.7771459614569709 -0.6293203910498374 0.07022500000000001 0.0144
45.6900 -0.4700 50.0900 0.2400 0.1550 -35 4.6300 -0.5 0.8191520442889918 -0.573576436351046 0.0576 0.024025
46.2100 0.1600 55.6200 0.1300 0.0950 29 5.7700 -0.5 0.8746197071393957 0.48480962024633706 0.016900000000000002 0.009025
46.0800 -0.1400 25.4400 0.3550 0.1400 -63 3.1900 -0.5 0.4539904997395468 -0.8910065241883678 0.126025 0.019600000000000003
46.2600 -0.4900 50.9400 0.2300 0.1600 40 4.1500 -0.5 0.7660444431189781 0.6427876096865393 0.0529 0.0256
46.2000 -0.6100 53.9200 0.1800 0.0950 35 2.8400 -0.5 0.8191520442889918 0.573576436351046 0.0324 0.009025
46.2300 -0.2800 54.3400 0.2150 0.1100 4 3.9300 -0.5 0.9975640502598242 0.0697564737441253 0.046224999999999995 0.0121
46.4900 -0.7500 25.8700 0.1600 0.0900 24 2.3100 -0.5 0.9135454576426009 0.4067366430758002 0.0256 0.0081
46.5900 0.1100 8.4400 0.2850 0.0650 -82 2.7600 -0.5 0.13917310096006547 -0.9902680687415704 0.08122499999999999 0.0042250000000000005
46.5900 0.2800 5.8900 0.0550 0.0450 -65 1.6500 -0.5 0.42261826174069944 -0.9063077870366499 0.003025 0.002025
46.6900 -0.0500 48.8200 0.1450 0.0600 -12 3.3500 -0.5 0.9781476007338057 -0.20791169081775934 0.021025 0.0036
46.7700 -0.4400 48.3900 0.2100 0.0650 -43 2.8900 0.5 0.7313537016191705 -0.6819983600624985 0.04409999999999999 0.0042250000000000005
46.7600 -0.4600 40.7400 0.3400 0.1200 -19 3.5200 -0.5 0.9455185755993168 -0.3255681544571567 0.11560000000000002 0.0144
46.9600 -0.7200 50.9400 0.0800 0.0450 54 1.8200 -0.5 0.5877852522924732 0.8090169943749473 0.0064 0.002025
47.0500 -0.5300 47.9700 0.0950 0.0450 -87 2.0600 0.5 0.052335956242943966 -0.9986295347545738 0.009025 0.002025
47.2300 -0.6100 47.9700 0.1800 0.0700 -70 2.1700 -0.5 0.3420201433256688 -0.9396926207859083 0.0324 0.004900000000000001
47.4500 -0.8400 7.1600 0.3650 0.0800 -3 1.4800 -0.5 0.9986295347545738 -0.052335956242943835 0.13322499999999998 0.0064
47.6800 -0.2000 6.7400 0.2600 0.1650 -12 6.5700 -0.5 0.9781476007338057 -0.20791169081775934 0.06760000000000001 0.027225000000000003
47.6400 -0.3500 47.5400 0.1650 0.0450 -25 2.5100 -0.5 0.9063077870366499 -0.42261826174069944 0.027225000000000003 0.002025
47.7600 -0.4000 41.1700 0.2900 0.1250 81 2.9700 -0.5 0.15643446504023092 0.9876883405951378 0.0841 0.015625
48.6600 -0.0100 17.3600 0.3200 0.2250 0 4.4200 0.5 1.0 0.0 0.1024 0.050625
48.5500 -0.3700 33.9400 0.2100 0.1350 86 4.4800 0.5 0.06975647374412523 0.9975640502598242 0.04409999999999999 0.018225
48.7700 0.0800 50.0900 0.1500 0.0950 10 3.2900 -0.5 0.984807753012208 0.17364817766693033 0.0225 0.009025
48.8500 0.2200 8.0100 0.3300 0.1500 39 5.6000 0.5 0.7771459614569709 0.6293203910498374 0.10890000000000001 0.0225
48.8500 0.1100 42.8700 0.1500 0.0600 53 5.6100 -0.5 0.6018150231520484 0.7986355100472928 0.0225 0.0036
48.7900 0.0900 46.2700 0.1400 0.0650 -21 1.6700 0.5 0.9335804264972017 -0.35836794954530027 0.019600000000000003 0.0042250000000000005
48.9400 0.1200 44.1400 0.1100 0.0550 -27 1.3100 0.5 0.8910065241883679 -0.45399049973954675 0.0121 0.003025
49.0500 -0.6800 47.1200 0.1650 0.0400 -79 4.0900 -0.5 0.19080899537654492 -0.981627183447664 0.027225000000000003 0.0016
49.1600 -0.1100 46.6900 0.0850 0.0500 -4 2.2500 0.5 0.9975640502598242 -0.0697564737441253 0.007225000000000001 0.0025000000000000005
49.5100 -0.1600 46.2700 0.1250 0.0950 -11 4.1500 -0.5 0.981627183447664 -0.1908089953765448 0.015625 0.009025
49.4900 -0.1200 46.2700 0.2700 0.1950 72 4.1500 -0.5 0.30901699437494745 0.9510565162951535 0.0729 0.038025
49.4800 -0.9000 43.2900 0.2250 0.0450 -11 4.8800 0.5 0.981627183447664 -0.1908089953765448 0.050625 0.002025
49.8100 -0.0700 48.3900 0.1850 0.1050 -71 2.8700 -0.5 0.32556815445715676 -0.9455185755993167 0.034225 0.011024999999999998
50.0600 -0.2800 46.2700 0.2300 0.1150 67 3.0400 -0.5 0.3907311284892737 0.9205048534524404 0.0529 0.013225
50.1500 0.4400 -1.3400 0.2300 0.0850 13 3.4800 -0.5 0.9743700647852352 0.224951054343865 0.0529 0.007225000000000001
50.1400 0.8200 29.6900 0.0400 0.0250 71 2.6900 0.5 0.32556815445715676 0.9455185755993167 0.0016 0.0006250000000000001
50.1200 -0.5600 41.1700 0.1500 0.0850 27 4.1800 -0.5 0.8910065241883679 0.45399049973954675 0.0225 0.007225000000000001
50.2000 -0.4900 14.8100 0.1400 0.0500 3 3.8800 0.5 0.9986295347545738 0.052335956242943835 0.019600000000000003 0.0025000000000000005
50.4700 -0.3800 41.1700 0.1450 0.1250 41 4.1000 -0.5 0.754709580222772 0.6560590289905073 0.021025 0.015625
50.7900 0.1100 43.7200 0.1650 0.1250 -22 3.9400 -0.5 0.9271838545667874 -0.374606593415912 0.027225000000000003 0.015625
51.0200 -0.7100 40.3200 0.1600 0.1150 35 6.1300 -0.5 0.8191520442889918 0.573576436351046 0.0256 0.013225
51.5100 0.6100 3.7600 0.2900 0.1300 0 3.9900 0.5 1.0 0.0 0.0841 0.016900000000000002
52.2800 0.6900 4.6100 0.0900 0.0350 3 3.3000 0.5 0.9986295347545738 0.052335956242943835 0.0081 0.0012250000000000002
52.3400 -0.6200 34.3700 0.0950 0.0600 55 3.1500 -0.5 0.5735764363510462 0.8191520442889917 0.009025 0.0036
52.5900 -0.2500 23.7400 0.2800 0.0750 -6 1.9200 -0.5 0.9945218953682733 -0.10452846326765347 0.07840000000000001 0.005625
53.0100 -0.2300 5.0400 0.3850 0.0550 -85 3.2300 0.5 0.08715574274765812 -0.9961946980917455 0.148225 0.003025
53.1500 0.0900 22.0400 0.2100 0.1300 74 2.3900 -0.5 0.27563735581699916 0.9612616959383189 0.04409999999999999 0.016900000000000002
53.6100 0.2500 5.0400 0.4900 0.1400 3 9.1300 0.5 0.9986295347545738 0.052335956242943835 0.24009999999999998 0.019600000000000003
53.6900 0.0100 23.7400 0.2600 0.0950 16 1.9900 0.5 0.9612616959383189 0.27563735581699916 0.06760000000000001 0.009025
53.6200 -0.5900 23.7400 0.0700 0.0400 70 0.8700 0.5 0.3420201433256688 0.9396926207859083 0.004900000000000001 0.0016
53.6400 -0.8600 25.0100 0.0550 0.0300 90 1.0300 -0.5 6.123233995736766e-17 1.0 0.003025 0.0009
53.6600 0.5500 24.1600 0.1750 0.1550 7 1.6200 -0.5 0.992546151641322 0.12186934340514748 0.030624999999999996 0.024025
54.4400 -0.5300 35.2200 0.2350 0.1750 83 3.7800 0.5 0.12186934340514748 0.992546151641322 0.055224999999999996 0.030624999999999996
54.7000 0.7500 34.3700 0.1100 0.0900 85 4.9800 0.5 0.08715574274765812 0.9961946980917455 0.0121 0.0081
54.6900 0.5900 36.9200 0.1300 0.0750 -53 1.9700 -0.5 0.6018150231520484 -0.7986355100472928 0.016900000000000002 0.005625
55.2500 0.1500 36.4900 0.2000 0.0700 -8 2.3300 0.5 0.9902680687415704 -0.13917310096006544 0.04000000000000001 0.004900000000000001
55.2500 0.0200 36.4900 0.1700 0.1150 86 2.3300 0.5 0.06975647374412523 0.9975640502598242 0.028900000000000006 0.013225
55.1200 0.6600 7.1600 0.3250 0.2300 10 6.3200 0.5 0.984807753012208 0.17364817766693033 0.10562500000000001 0.0529
55.4800 -0.0300 30.1200 0.1900 0.0850 72 2.9000 0.5 0.30901699437494745 0.9510565162951535 0.0361 0.007225000000000001
55.4600 0.0200 34.3700 0.2150 0.1250 87 3.0800 -0.5 0.052335956242943966 0.9986295347545738 0.046224999999999995 0.015625
