GLON GLAT VLSR a b pa d_VLSR p_far cos_pa sin_pa aa bb f_avg MSXDC m_MSXDC
14.3950 0.4960 20.6000 0.0275 0.0117 169 9.3000 -0.5 -0.981627183447664 0.19080899537654497 0.0007562499999999999 0.00013611111111111107 0 G014.39+00.49 0
15.0510 0.0730 30.9000 0.0433 0.0250 157 6.8000 -0.5 -0.9205048534524404 0.39073112848927377 0.001877777777777778 0.0006250000000000001 0 G015.05+00.07 0
15.2640 -0.1570 16.5000 0.0125 0.0075 289 2.1000 -0.5 0.32556815445715714 -0.9455185755993166 0.00015625000000000003 5.625e-05 0 G015.31-00.16 c
15.3290 -0.1560 31.1000 0.0100 0.0067 355 3.3000 -0.5 0.9961946980917455 -0.08715574274765832 0.0001 4.444444444444445e-05 0 G015.31-00.16 e
15.2710 -0.1260 16.1000 0.0125 0.0083 305 2.4000 -0.5 0.573576436351046 -0.8191520442889918 0.00015625000000000003 6.944444444444444e-05 0 G015.31-00.16 a
15.4230 0.1040 36.5000 0.0108 0.0092 217 3.8000 -0.5 -0.7986355100472928 -0.6018150231520484 0.00011736111111111112 8.402777777777778e-05 0 G015.39+00.11 a
15.2830 0.1680 31.4000 0.0083 0.0067 357 4.2000 -0.5 0.9986295347545738 -0.05233595624294437 6.944444444444444e-05 4.444444444444445e-05 0 G015.39+00.11 b
15.7170 -0.5780 17.4000 0.0392 0.0242 242 3.4000 -0.5 -0.46947156278589075 -0.882947592858927 0.001534027777777778 0.0005840277777777777 0 G015.71-00.57 0
15.8090 -0.4090 53.9000 0.1483 0.1100 212 8.4000 -0.5 -0.8480480961564261 -0.5299192642332048 0.02200277777777778 0.012099999999999998 0 G015.80-00.40 0
15.8880 -0.1070 26.2000 0.0608 0.0317 205 2.2000 -0.5 -0.90630778703665 -0.4226182617406993 0.003700694444444444 0.0010027777777777776 0 G015.88-00.10 0
15.9050 -0.6220 18.7000 0.0433 0.0408 133 4.3000 -0.5 -0.6819983600624984 0.7313537016191707 0.001877777777777778 0.001667361111111111 0 G015.90-00.62 0
15.9530 -0.3480 42.1000 0.0558 0.0333 247 5.3000 -0.5 -0.3907311284892738 -0.9205048534524403 0.003117361111111111 0.0011111111111111111 0 G015.95-00.34 0
16.4250 0.3560 38.3000 0.0633 0.0442 119 1.4000 -0.5 -0.48480962024633695 0.8746197071393959 0.00401111111111111 0.0019506944444444444 0 G016.42+00.35 0
16.6500 -0.0690 59.3000 0.0408 0.0100 189 2.8000 -0.5 -0.9876883405951378 -0.15643446504023076 0.001667361111111111 0.0001 0 G016.64-00.06 0
16.8090 0.2540 24.5000 0.0650 0.0575 235 3.5000 -0.5 -0.5735764363510457 -0.8191520442889921 0.0042250000000000005 0.00330625 0 G016.80+00.25 0
16.8490 -0.3220 23.4000 0.0142 0.0133 225 4.1000 -0.5 -0.7071067811865477 -0.7071067811865475 0.00020069444444444442 0.0001777777777777778 0 G016.84-00.32 0
16.9150 -0.0860 40.7000 0.0183 0.0100 206 1.9000 -0.5 -0.8987940462991669 -0.43837114678907746 0.00033611111111111114 0.0001 0 G016.91-00.08 0
16.9210 0.2370 24.1000 0.0292 0.0167 113 4.5000 -0.5 -0.3907311284892736 0.9205048534524404 0.0008506944444444445 0.0002777777777777778 0 G016.92+00.23 0
17.0560 0.3010 21.4000 0.1217 0.0983 126 5.5000 -0.5 -0.587785252292473 0.8090169943749475 0.014802777777777776 0.009669444444444446 0 G017.05+00.30 0
17.0940 0.4600 23.0000 0.0717 0.0425 127 4.6000 -0.5 -0.601815023152048 0.798635510047293 0.0051361111111111095 0.0018062499999999997 0 G017.09+00.45 0
17.4670 -0.2180 52.9000 0.0150 0.0125 229 2.5000 -0.5 -0.6560590289905074 -0.7547095802227719 0.000225 0.00015625000000000003 0 G017.46-00.21 0
17.6730 0.2390 24.0000 0.0383 0.0150 172 4.9000 -0.5 -0.9902680687415703 0.13917310096006574 0.0014694444444444442 0.000225 0 G017.67+00.23 0
17.7840 0.2960 26.2000 0.0167 0.0133 156 3.0000 -0.5 -0.913545457642601 0.40673664307580004 0.0002777777777777778 0.0001777777777777778 0 G017.78+00.29 0
17.9070 -0.5080 51.0000 0.0400 0.0242 114 4.0000 -0.5 -0.40673664307580026 0.9135454576426009 0.0016 0.0005840277777777777 0 G017.90-00.50 0
17.9530 0.0800 22.6000 0.0608 0.0467 252 2.4000 -0.5 -0.30901699437494756 -0.9510565162951535 0.003700694444444444 0.002177777777777777 0 G017.95+00.07 0
18.0030 -0.3400 41.4000 0.0300 0.0125 141 3.3000 -0.5 -0.7771459614569709 0.6293203910498374 0.0009 0.00015625000000000003 0 G018.00-00.34 0
18.2290 -0.5110 41.8000 0.0625 0.0583 163 3.4000 -0.5 -0.9563047559630354 0.292371704722737 0.00390625 0.003402777777777778 0 G018.22-00.51 0
18.3550 -0.2670 67.5000 0.0725 0.0292 186 3.9000 -0.5 -0.9945218953682733 -0.10452846326765348 0.00525625 0.0008506944444444445 0 G018.35-00.26 0
18.5580 -0.1590 51.7000 0.0092 0.0083 305 3.1000 -0.5 0.573576436351046 -0.8191520442889918 8.402777777777778e-05 6.944444444444444e-05 0 G018.50-00.16 b
18.4980 -0.1570 44.4000 0.0150 0.0075 305 6.3000 -0.5 0.573576436351046 -0.8191520442889918 0.000225 5.625e-05 0 G018.50-00.16 a
18.5890 -0.0850 45.8000 0.0550 0.0167 164 3.0000 -0.5 -0.9612616959383189 0.2756373558169992 0.0030249999999999995 0.0002777777777777778 0 G018.58-00.08 0
18.8220 -0.2850 65.8000 0.1175 0.0325 164 5.5000 -0.5 -0.9612616959383189 0.2756373558169992 0.013806249999999999 0.0010562500000000001 0 G018.82-00.28 0
18.9970 -0.3020 64.4000 0.0817 0.0567 219 5.1000 -0.5 -0.7771459614569711 -0.6293203910498373 0.006669444444444444 0.0032111111111111108 0 G018.99-00.30 0
19.0550 0.2770 5.2000 0.1217 0.0725 218 1.3000 -0.5 -0.788010753606722 -0.6156614753256582 0.014802777777777776 0.00525625 0 G019.05+00.27 0
19.2020 0.6860 6.6000 0.0133 0.0117 209 0.9000 -0.5 -0.8746197071393959 -0.48480962024633695 0.0001777777777777778 0.00013611111111111107 0 G019.20+00.68 0
19.2440 0.0320 26.1000 0.0225 0.0167 216 4.3000 -0.5 -0.8090169943749475 -0.587785252292473 0.0005062500000000001 0.0002777777777777778 0 G019.24+00.03 0
19.2740 -0.3960 52.2000 0.0317 0.0167 122 6.4000 -0.5 -0.5299192642332048 0.8480480961564261 0.0010027777777777776 0.0002777777777777778 0 G019.27-00.39 0
19.3020 0.5980 20.7000 0.0467 0.0308 247 1.7000 -0.5 -0.3907311284892738 -0.9205048534524403 0.002177777777777777 0.0009506944444444445 0 G019.30+00.59 0
19.3410 -0.0420 26.6000 0.0133 0.0108 150 4.7000 -0.5 -0.8660254037844385 0.5000000000000003 0.0001777777777777778 0.00011736111111111112 0 G019.34-00.04 0
19.3920 -0.0120 26.9000 0.0383 0.0225 127 4.4000 -0.5 -0.601815023152048 0.798635510047293 0.0014694444444444442 0.0005062500000000001 0 G019.39-00.01 0
19.4220 -0.0870 26.9000 0.0483 0.0358 226 5.1000 -0.5 -0.6946583704589973 -0.7193398003386512 0.002336111111111111 0.0012840277777777774 0 G019.42-00.08 0
19.7360 -0.6610 23.5000 0.0350 0.0242 264 2.7000 -0.5 -0.10452846326765423 -0.9945218953682733 0.0012250000000000002 0.0005840277777777777 0 G019.73-00.66 0
19.8960 -0.6100 44.9000 0.0633 0.0467 173 5.8000 -0.5 -0.992546151641322 0.12186934340514755 0.00401111111111111 0.002177777777777777 0 G019.89-00.61 0
19.9180 -0.2010 66.2000 0.0300 0.0183 153 5.3000 -0.5 -0.8910065241883678 0.45399049973954686 0.0009 0.00033611111111111114 0 G019.91-00.20 0
19.9270 -0.2930 68.7000 0.0875 0.0383 241 5.8000 -0.5 -0.48480962024633767 -0.8746197071393955 0.007656249999999999 0.0014694444444444442 0 G019.92-00.29 0
19.9350 -0.8220 42.2000 0.0200 0.0192 99 3.3000 -0.5 -0.1564344650402308 0.9876883405951378 0.0004 0.00036736111111111106 0 G019.93-00.82 0
20.0670 -0.8460 40.0000 0.0217 0.0158 90 2.1000 -0.5 6.123233995736766e-17 1.0 0.0004694444444444445 0.0002506944444444444 0 G020.06-00.84 0
20.7530 0.4610 28.8000 0.0525 0.0267 145 4.2000 -0.5 -0.8191520442889917 0.5735764363510464 0.0027562499999999996 0.0007111111111111113 0 G020.75+00.46 0
21.0540 0.5700 7.7000 0.0275 0.0192 212 1.0000 -0.5 -0.8480480961564261 -0.5299192642332048 0.0007562499999999999 0.00036736111111111106 0 G021.05+00.57 0
21.3730 -0.5370 54.0000 0.0542 0.0175 188 4.4000 -0.5 -0.9902680687415703 -0.13917310096006552 0.002934027777777778 0.00030625000000000004 0 G021.37-00.53 0
21.5570 0.3490 81.0000 0.1067 0.0708 235 6.1000 -0.5 -0.5735764363510457 -0.8191520442889921 0.01137777777777778 0.0050173611111111105 0 G021.55+00.34 0
21.9830 -0.3840 79.4000 0.0500 0.0267 244 7.2000 -0.5 -0.43837114678907774 -0.8987940462991668 0.0025000000000000005 0.0007111111111111113 0 G021.98-00.38 0
22.0090 0.3530 49.9000 0.0708 0.0508 237 3.2000 -0.5 -0.544639035015027 -0.838670567945424 0.0050173611111111105 0.002584027777777777 0 G022.00+00.35 0
22.0170 -0.5440 53.6000 0.0258 0.0125 191 3.9000 -0.5 -0.981627183447664 -0.19080899537654475 0.0006673611111111111 0.00015625000000000003 0 G022.01-00.54 0
22.0750 0.2030 51.7000 0.0133 0.0100 194 4.2000 -0.5 -0.9702957262759965 -0.2419218955996675 0.0001777777777777778 0.0001 0 G022.07+00.20 0
22.1350 0.4800 50.3000 0.1475 0.0625 220 2.7000 -0.5 -0.7660444431189781 -0.6427876096865393 0.021756249999999998 0.00390625 0 G022.13+00.47 0
22.1600 -0.6640 50.4000 0.0283 0.0242 200 8.9000 -0.5 -0.9396926207859084 -0.34202014332566866 0.0008027777777777777 0.0005840277777777777 0 G022.15-00.66 0
22.2470 -0.6320 50.8000 0.0283 0.0133 186 6.8000 -0.5 -0.9945218953682733 -0.10452846326765348 0.0008027777777777777 0.0001777777777777778 0 G022.24-00.63 0
22.2960 -0.6290 51.3000 0.0433 0.0283 207 7.9000 -0.5 -0.8910065241883679 -0.4539904997395467 0.001877777777777778 0.0008027777777777777 0 G022.29-00.62 0
22.3570 0.4160 60.5000 0.0575 0.0450 234 2.2000 -0.5 -0.5877852522924732 -0.8090169943749473 0.00330625 0.0020250000000000003 0 G022.35+00.41 0
22.4500 -0.7580 69.2000 0.0233 0.0108 158 4.4000 -0.5 -0.9271838545667873 0.37460659341591224 0.0005444444444444443 0.00011736111111111112 0 G022.45-00.75 0
22.4710 0.2770 57.2000 0.0667 0.0150 178 3.9000 -0.5 -0.9993908270190958 0.03489949670250114 0.0044444444444444444 0.000225 0 G022.47+00.27 0
22.5400 -0.5200 75.9000 0.0450 0.0300 186 5.8000 -0.5 -0.9945218953682733 -0.10452846326765348 0.0020250000000000003 0.0009 0 G022.54-00.51 0
22.7300 0.1190 77.8000 0.0392 0.0217 192 7.0000 -0.5 -0.9781476007338056 -0.2079116908177595 0.001534027777777778 0.0004694444444444445 0 G022.73+00.11 0
22.8730 -0.4070 76.7000 0.0208 0.0150 161 5.7000 -0.5 -0.9455185755993168 0.3255681544571566 0.00043402777777777775 0.000225 0 G022.87-00.40 0
22.9380 -0.1770 64.4000 0.0333 0.0267 107 4.9000 -0.5 -0.29237170472273666 0.9563047559630355 0.0011111111111111111 0.0007111111111111113 0 G022.93-00.17 0
23.0650 0.0440 93.3000 0.0275 0.0183 127 8.5000 -0.5 -0.601815023152048 0.798635510047293 0.0007562499999999999 0.00033611111111111114 0 G023.06+00.04 0
23.0940 -0.0800 67.6000 0.0267 0.0192 161 8.6000 -0.5 -0.9455185755993168 0.3255681544571566 0.0007111111111111113 0.00036736111111111106 0 G023.09-00.08 0
23.1880 -0.9620 55.8000 0.0567 0.0383 151 8.4000 -0.5 -0.8746197071393957 0.48480962024633717 0.0032111111111111108 0.0014694444444444442 0 G023.18-00.96 0
23.2260 -0.3720 76.8000 0.0983 0.0692 148 4.9000 -0.5 -0.848048096156426 0.5299192642332049 0.009669444444444446 0.004784027777777778 0 G023.22-00.37 0
23.2290 -0.4800 61.4000 0.0183 0.0167 213 2.5000 -0.5 -0.838670567945424 -0.5446390350150271 0.00033611111111111114 0.0002777777777777778 0 G023.22-00.48 0
23.3240 0.0430 82.5000 0.0433 0.0183 173 11.1000 -0.5 -0.992546151641322 0.12186934340514755 0.001877777777777778 0.00033611111111111114 0 G023.32+00.04 0
23.3340 -0.4100 61.0000 0.0475 0.0200 219 13.6000 -0.5 -0.7771459614569711 -0.6293203910498373 0.00225625 0.0004 0 G023.33-00.41 0
23.3700 -0.1250 97.8000 0.0250 0.0083 172 8.0000 -0.5 -0.9902680687415703 0.13917310096006574 0.0006250000000000001 6.944444444444444e-05 0 G023.37-00.12 0
23.4270 -0.1030 53.5000 0.0158 0.0100 147 6.3000 -0.5 -0.8386705679454242 0.5446390350150269 0.0002506944444444444 0.0001 0 G023.42-00.10 0
23.4300 -0.5250 62.4000 0.0692 0.0217 212 3.8000 -0.5 -0.8480480961564261 -0.5299192642332048 0.004784027777777778 0.0004694444444444445 0 G023.42-00.52 0
23.4450 -0.0400 81.8000 0.0275 0.0150 205 7.2000 -0.5 -0.90630778703665 -0.4226182617406993 0.0007562499999999999 0.000225 0 G023.44-00.03 0
23.4720 0.1060 86.4000 0.0225 0.0183 116 6.9000 -0.5 -0.4383711467890775 0.8987940462991669 0.0005062500000000001 0.00033611111111111114 0 G023.47+00.10 0
23.6070 -0.0090 53.9000 0.0350 0.0067 171 5.8000 -0.5 -0.9876883405951377 0.15643446504023098 0.0012250000000000002 4.444444444444445e-05 0 G023.60+00.00 0
23.7180 0.3050 87.8000 0.1558 0.1525 250 7.4000 -0.5 -0.3420201433256685 -0.9396926207859084 0.024284027777777776 0.02325625 0 G023.71+00.30 0
23.7430 0.0280 53.6000 0.0458 0.0117 199 8.3000 -0.5 -0.945518575599317 -0.32556815445715637 0.002100694444444444 0.00013611111111111107 0 G023.74+00.02 0
23.7640 0.5280 36.4000 0.0425 0.0192 191 1.4000 -0.5 -0.981627183447664 -0.19080899537654475 0.0018062499999999997 0.00036736111111111106 0 G023.76+00.52 0
23.7850 0.1740 79.5000 0.0433 0.0333 96 3.9000 -0.5 -0.10452846326765333 0.9945218953682734 0.001877777777777778 0.0011111111111111111 0 G023.78+00.17 0
23.7960 -0.0050 56.5000 0.0200 0.0200 91 3.5000 -0.5 -0.017452406437283473 0.9998476951563913 0.0004 0.0004 0 G023.79+00.00 0
23.8290 -0.6810 59.6000 0.0675 0.0317 255 4.6000 -0.5 -0.25881904510252063 -0.9659258262890683 0.004556249999999999 0.0010027777777777776 0 G023.82-00.68 0
23.8500 -0.3010 56.1000 0.0275 0.0158 115 4.2000 -0.5 -0.42261826174069933 0.90630778703665 0.0007562499999999999 0.0002506944444444444 0 G023.85-00.30 0
23.8640 -0.1940 57.6000 0.0550 0.0408 255 7.7000 -0.5 -0.25881904510252063 -0.9659258262890683 0.0030249999999999995 0.001667361111111111 0 G023.86-00.19 0
23.8740 0.0790 53.1000 0.0550 0.0483 160 8.6000 -0.5 -0.9396926207859083 0.3420201433256689 0.0030249999999999995 0.002336111111111111 0 G023.87+00.07 0
24.0570 -0.2160 81.7000 0.0192 0.0075 160 3.0000 -0.5 -0.9396926207859083 0.3420201433256689 0.00036736111111111106 5.625e-05 0 G024.05-00.21 0
24.0840 0.0420 52.5000 0.1150 0.1033 244 5.1000 -0.5 -0.43837114678907774 -0.8987940462991668 0.013225 0.010677777777777777 0 G024.08+00.04 0
24.0830 0.3210 50.2000 0.1025 0.0300 147 5.9000 -0.5 -0.8386705679454242 0.5446390350150269 0.010506250000000002 0.0009 0 G024.08+00.32 0
24.1410 -0.1690 81.3000 0.0642 0.0508 204 3.6000 -0.5 -0.9135454576426009 -0.4067366430758002 0.004117361111111111 0.002584027777777777 0 G024.14-00.16 0
24.2740 -0.9210 60.8000 0.0458 0.0350 136 2.8000 -0.5 -0.719339800338651 0.6946583704589975 0.002100694444444444 0.0012250000000000002 0 G024.27-00.92 0
24.3300 0.1140 52.9000 0.0517 0.0500 144 6.5000 -0.5 -0.8090169943749473 0.5877852522924732 0.0026694444444444443 0.0025000000000000005 0 G024.33+00.11 0
24.3620 -0.1620 55.3000 0.0217 0.0192 98 6.5000 -0.5 -0.13917310096006535 0.9902680687415704 0.0004694444444444445 0.00036736111111111106 0 G024.36-00.16 0
24.3760 -0.2180 55.8000 0.0425 0.0283 108 7.9000 -0.5 -0.30901699437494734 0.9510565162951536 0.0018062499999999997 0.0008027777777777777 0 G024.37-00.21 0
24.4300 -0.2360 54.0000 0.0167 0.0150 113 4.3000 -0.5 -0.3907311284892736 0.9205048534524404 0.0002777777777777778 0.000225 0 G024.42-00.23 0
26.3340 0.4980 60.3000 0.0100 0.0058 189 6.5000 -0.5 -0.9876883405951378 -0.15643446504023076 0.0001 3.402777777777777e-05 0 G024.42-00.53 0
24.4910 -0.6980 48.3000 0.0533 0.0408 231 2.5000 -0.5 -0.6293203910498378 -0.7771459614569706 0.002844444444444445 0.001667361111111111 0 G024.49-00.69 0
24.5480 -0.7380 48.4000 0.0175 0.0167 163 2.2000 -0.5 -0.9563047559630354 0.292371704722737 0.00030625000000000004 0.0002777777777777778 0 G024.54-00.73 0
24.5560 -0.5310 61.1000 0.1433 0.0817 192 3.3000 -0.5 -0.9781476007338056 -0.2079116908177595 0.020544444444444438 0.006669444444444444 0 G024.55-00.53 0
24.6060 0.0810 52.4000 0.1283 0.0625 112 4.2000 -0.5 -0.37460659341591207 0.9271838545667874 0.016469444444444443 0.00390625 0 G024.60+00.08 0
24.6110 -0.3310 43.7000 0.0225 0.0167 153 3.2000 -0.5 -0.8910065241883678 0.45399049973954686 0.0005062500000000001 0.0002777777777777778 0 G024.61-00.33 0
24.6490 0.4530 44.6000 0.0917 0.0500 184 1.9000 -0.5 -0.9975640502598242 -0.06975647374412527 0.008402777777777776 0.0025000000000000005 0 G024.64+00.45 0
25.0400 -0.7990 51.7000 0.0333 0.0267 98 2.5000 -0.5 -0.13917310096006535 0.9902680687415704 0.0011111111111111111 0.0007111111111111113 0 G025.03-00.79 0
25.1510 -0.2920 63.4000 0.0117 0.0117 305 3.1000 -0.5 0.573576436351046 -0.8191520442889918 0.00013611111111111107 0.00013611111111111107 0 G025.04-00.20 d
24.9740 -0.1660 46.9000 0.0467 0.0133 343 4.2000 -0.5 0.9563047559630353 -0.2923717047227371 0.002177777777777777 0.0001777777777777778 0 G025.04-00.20 a
25.0670 0.1870 39.9000 0.0225 0.0225 126 2.9000 -0.5 -0.587785252292473 0.8090169943749475 0.0005062500000000001 0.0005062500000000001 0 G025.06+00.18 0
25.0880 0.4820 45.5000 0.0467 0.0333 265 1.9000 -0.5 -0.08715574274765825 -0.9961946980917455 0.002177777777777777 0.0011111111111111111 0 G025.08+00.48 0
25.1080 -0.4310 55.4000 0.0725 0.0658 231 4.6000 -0.5 -0.6293203910498378 -0.7771459614569706 0.00525625 0.004334027777777779 0 G025.10-00.43 0
25.1730 0.7550 45.5000 0.0233 0.0083 175 2.6000 -0.5 -0.9961946980917455 0.0871557427476582 0.0005444444444444443 6.944444444444444e-05 0 G025.17+00.75 0
25.2320 -0.4460 55.5000 0.0258 0.0183 101 5.2000 -0.5 -0.1908089953765448 0.981627183447664 0.0006673611111111111 0.00033611111111111114 0 G025.23-00.44 0
25.3770 -0.0610 104.2000 0.0825 0.0292 223 10.4000 -0.5 -0.7313537016191707 -0.6819983600624984 0.006806250000000001 0.0008506944444444445 0 G025.37-00.06 0
25.4070 -0.6480 59.3000 0.1083 0.0742 265 5.8000 -0.5 -0.08715574274765825 -0.9961946980917455 0.011736111111111112 0.005500694444444445 0 G025.40-00.64 0
25.6690 -0.1260 93.8000 0.0425 0.0183 231 4.8000 -0.5 -0.6293203910498378 -0.7771459614569706 0.0018062499999999997 0.00033611111111111114 0 G025.66-00.12 0
25.8360 -0.4720 62.3000 0.0108 0.0075 244 2.8000 -0.5 -0.43837114678907774 -0.8987940462991668 0.00011736111111111112 5.625e-05 0 G025.74-00.44 b
25.6430 -0.3860 92.5000 0.0075 0.0067 349 5.8000 -0.5 0.981627183447664 -0.19080899537654467 5.625e-05 4.444444444444445e-05 0 G025.74-00.44 e
25.7920 0.6140 45.5000 0.0317 0.0242 188 5.3000 -0.5 -0.9902680687415703 -0.13917310096006552 0.0010027777777777776 0.0005840277777777777 0 G025.79+00.61 0
25.7990 0.8150 49.4000 0.0483 0.0358 120 2.8000 -0.5 -0.4999999999999998 0.8660254037844388 0.002336111111111111 0.0012840277777777774 0 G025.79+00.81 0
25.9850 -0.0620 89.8000 0.0167 0.0150 264 3.3000 -0.5 -0.10452846326765423 -0.9945218953682733 0.0002777777777777778 0.000225 0 G025.98-00.06 0
26.0210 -0.6180 61.7000 0.0617 0.0517 225 3.9000 -0.5 -0.7071067811865477 -0.7071067811865475 0.003802777777777778 0.0026694444444444443 0 G026.02-00.61 0
26.0520 0.9440 46.1000 0.0417 0.0208 213 2.0000 -0.5 -0.838670567945424 -0.5446390350150271 0.001736111111111111 0.00043402777777777775 0 G026.05+00.94 0
26.1220 -0.6050 14.8000 0.0308 0.0242 102 0.8000 -0.5 -0.20791169081775934 0.9781476007338057 0.0009506944444444445 0.0005840277777777777 0 G026.12-00.60 0
26.3090 0.2440 71.3000 0.0142 0.0108 305 4.4000 -0.5 0.573576436351046 -0.8191520442889918 0.00020069444444444442 0.00011736111111111112 0 G026.28+00.24 a
26.3160 -0.3730 61.5000 0.0242 0.0183 164 7.0000 -0.5 -0.9612616959383189 0.2756373558169992 0.0005840277777777777 0.00033611111111111114 0 G026.31-00.37 0
26.3400 -0.2750 30.1000 0.0483 0.0150 210 2.6000 -0.5 -0.8660254037844388 -0.4999999999999998 0.002336111111111111 0.000225 0 G026.34-00.27 0
26.4320 -0.1380 23.5000 0.0600 0.0483 243 3.5000 -0.5 -0.4539904997395469 -0.8910065241883678 0.0036 0.002336111111111111 0 G026.43-00.13 0
26.4330 -0.6650 63.9000 0.0275 0.0250 212 5.3000 -0.5 -0.8480480961564261 -0.5299192642332048 0.0007562499999999999 0.0006250000000000001 0 G026.43-00.66 0
26.4690 -0.4050 70.1000 0.0717 0.0150 181 4.5000 -0.5 -0.9998476951563913 -0.017452406437283192 0.0051361111111111095 0.000225 0 G026.46-00.40 0
26.4810 0.7140 48.2000 0.0517 0.0150 176 3.4000 -0.5 -0.9975640502598242 0.06975647374412552 0.0026694444444444443 0.000225 0 G026.48+00.71 0
27.1740 0.8020 83.4000 0.0133 0.0050 172 3.8000 -0.5 -0.9902680687415703 0.13917310096006574 0.0001777777777777778 2.5e-05 0 G027.17+00.80 0
27.3620 -0.7540 67.0000 0.0183 0.0158 123 5.1000 -0.5 -0.5446390350150271 0.838670567945424 0.00033611111111111114 0.0002506944444444444 0 G027.36-00.75 0
27.4000 -0.7740 66.1000 0.0150 0.0117 173 4.9000 -0.5 -0.992546151641322 0.12186934340514755 0.000225 0.00013611111111111107 0 G027.39-00.77 0
27.4180 0.1140 98.8000 0.0600 0.0517 173 4.0000 -0.5 -0.992546151641322 0.12186934340514755 0.0036 0.0026694444444444443 0 G027.41+00.11 0
27.4350 -0.7180 67.3000 0.0333 0.0267 200 3.8000 -0.5 -0.9396926207859084 -0.34202014332566866 0.0011111111111111111 0.0007111111111111113 0 G027.43-00.71 0
27.4900 -0.1580 90.9000 0.0583 0.0467 268 2.3000 -0.5 -0.034899496702500754 -0.9993908270190958 0.003402777777777778 0.002177777777777777 0 G027.49-00.15 0
27.7030 0.7540 7.0000 0.0133 0.0133 262 1.6000 -0.5 -0.13917310096006583 -0.9902680687415703 0.0001777777777777778 0.0001777777777777778 0 G027.70+00.75 0
27.7530 0.1630 79.1000 0.0458 0.0300 123 6.9000 -0.5 -0.5446390350150271 0.838670567945424 0.002100694444444444 0.0009 0 G027.75+00.16 0
27.7750 0.8210 7.3000 0.0400 0.0225 202 2.0000 -0.5 -0.9271838545667874 -0.374606593415912 0.0016 0.0005062500000000001 0 G027.77+00.82 0
27.8240 -0.3470 46.4000 0.0175 0.0158 106 3.6000 -0.5 -0.27563735581699905 0.9612616959383189 0.00030625000000000004 0.0002506944444444444 0 G027.82-00.34 0
27.8610 0.1090 77.6000 0.0242 0.0125 325 8.1000 -0.5 0.8191520442889916 -0.5735764363510464 0.0005840277777777777 0.00015625000000000003 0 G027.84+00.02 c
27.7840 0.0680 99.6000 0.0167 0.0083 214 7.0000 -0.5 -0.8290375725550418 -0.5591929034707467 0.0002777777777777778 6.944444444444444e-05 0 G027.84+00.02 a
27.9440 -0.4720 45.7000 0.0350 0.0133 188 3.1000 -0.5 -0.9902680687415703 -0.13917310096006552 0.0012250000000000002 0.0001777777777777778 0 G027.94-00.47 0
27.9420 -0.6740 2.0000 0.0133 0.0133 255 3.2000 -0.5 -0.25881904510252063 -0.9659258262890683 0.0001777777777777778 0.0001777777777777778 0 G027.94-00.67 0
27.9740 -0.4210 45.9000 0.0233 0.0167 230 3.5000 -0.5 -0.6427876096865396 -0.7660444431189779 0.0005444444444444443 0.0002777777777777778 0 G027.97-00.42 0
28.0450 -0.4640 45.5000 0.0183 0.0167 259 3.0000 -0.5 -0.19080899537654547 -0.9816271834476639 0.00033611111111111114 0.0002777777777777778 0 G028.04-00.46 0
28.0860 0.0710 75.8000 0.0183 0.0142 201 5.4000 -0.5 -0.9335804264972016 -0.35836794954530043 0.00033611111111111114 0.00020069444444444442 0 G028.08+00.07 0
28.0820 0.1440 78.1000 0.0458 0.0350 220 10.3000 -0.5 -0.7660444431189781 -0.6427876096865393 0.002100694444444444 0.0012250000000000002 0 G028.08+00.14 0
28.1000 -0.5150 46.1000 0.0317 0.0208 147 2.2000 -0.5 -0.8386705679454242 0.5446390350150269 0.0010027777777777776 0.00043402777777777775 0 G028.09-00.51 0
28.1050 -0.4530 46.2000 0.0258 0.0167 140 2.5000 -0.5 -0.7660444431189779 0.6427876096865395 0.0006673611111111111 0.0002777777777777778 0 G028.10-00.45 0
28.1850 -0.4060 76.9000 0.0350 0.0233 196 5.9000 -0.5 -0.9612616959383189 -0.275637355816999 0.0012250000000000002 0.0005444444444444443 0 G028.18-00.40 0
28.2350 -0.1910 79.6000 0.1017 0.0767 156 6.5000 -0.5 -0.913545457642601 0.40673664307580004 0.010336111111111108 0.005877777777777777 0 G028.23-00.19 0
28.2490 0.0670 78.4000 0.0233 0.0133 149 8.4000 -0.5 -0.8571673007021121 0.5150380749100544 0.0005444444444444443 0.0001777777777777778 0 G028.24+00.06 0
28.2840 -0.3410 47.4000 0.0400 0.0267 228 4.5000 -0.5 -0.6691306063588585 -0.743144825477394 0.0016 0.0007111111111111113 0 G028.28-00.34 0
28.3730 0.0760 78.6000 0.1000 0.0775 168 8.3000 -0.5 -0.9781476007338056 0.20791169081775973 0.010000000000000002 0.00600625 0 G028.37+00.07 0
28.3880 -0.1130 81.2000 0.0267 0.0133 158 4.8000 -0.5 -0.9271838545667873 0.37460659341591224 0.0007111111111111113 0.0001777777777777778 0 G028.38-00.11 0
28.5120 -0.3830 45.8000 0.0300 0.0283 236 2.8000 -0.5 -0.5591929034707473 -0.8290375725550414 0.0009 0.0008027777777777777 0 G028.51-00.38 0
28.5630 -0.2320 87.0000 0.0200 0.0067 194 4.7000 -0.5 -0.9702957262759965 -0.2419218955996675 0.0004 4.444444444444445e-05 0 G028.53-00.25 a
28.6150 -0.2610 63.5000 0.0183 0.0067 185 1.7000 -0.5 -0.9961946980917455 -0.08715574274765794 0.00033611111111111114 4.444444444444445e-05 0 G028.61-00.26 0
28.6770 0.1320 79.5000 0.1217 0.0342 193 8.0000 -0.5 -0.9743700647852352 -0.22495105434386498 0.014802777777777776 0.001167361111111111 0 G028.67+00.13 0
28.7100 -0.8110 9.9000 0.0317 0.0317 91 0.6000 -0.5 -0.017452406437283473 0.9998476951563913 0.0010027777777777776 0.0010027777777777776 0 G028.71-00.81 0
28.8010 -0.5340 74.2000 0.0467 0.0283 163 6.6000 -0.5 -0.9563047559630354 0.292371704722737 0.002177777777777777 0.0008027777777777777 0 G028.80-00.53 0
28.8450 0.0490 99.8000 0.0150 0.0117 206 8.2000 -0.5 -0.8987940462991669 -0.43837114678907746 0.000225 0.00013611111111111107 0 G028.84+00.04 0
29.0930 -0.5330 80.2000 0.0550 0.0258 173 7.5000 -0.5 -0.992546151641322 0.12186934340514755 0.0030249999999999995 0.0006673611111111111 0 G029.09-00.53 0
29.1440 0.2320 80.7000 0.0550 0.0533 115 3.8000 -0.5 -0.42261826174069933 0.90630778703665 0.0030249999999999995 0.002844444444444445 0 G029.14+00.23 0
29.2120 0.0160 95.9000 0.0308 0.0150 150 5.5000 -0.5 -0.8660254037844385 0.5000000000000003 0.0009506944444444445 0.000225 0 G029.21+00.01 0
29.2380 0.0790 94.7000 0.0242 0.0183 123 7.3000 -0.5 -0.5446390350150271 0.838670567945424 0.0005840277777777777 0.00033611111111111114 0 G029.23+00.07 0
29.2860 -0.6310 64.6000 0.0133 0.0075 355 6.3000 -0.5 0.9961946980917455 -0.08715574274765832 0.0001777777777777778 5.625e-05 0 G029.27-00.71 b
29.2440 -0.6770 82.6000 0.0208 0.0067 192 3.4000 -0.5 -0.9781476007338056 -0.2079116908177595 0.00043402777777777775 4.444444444444445e-05 0 G029.27-00.71 a
29.4070 -0.6440 25.6000 0.0167 0.0142 216 0.8000 -0.5 -0.8090169943749475 -0.587785252292473 0.0002777777777777778 0.00020069444444444442 0 G029.40-00.64 0
29.5680 0.3860 27.4000 0.0575 0.0383 169 2.0000 -0.5 -0.981627183447664 0.19080899537654497 0.00330625 0.0014694444444444442 0 G029.56+00.38 0
29.9540 -0.4230 71.2000 0.0167 0.0167 95 4.9000 -0.5 -0.08715574274765801 0.9961946980917455 0.0002777777777777778 0.0002777777777777778 0 G029.95-00.42 0
30.1320 -0.6290 80.3000 0.0533 0.0383 126 2.3000 -0.5 -0.587785252292473 0.8090169943749475 0.002844444444444445 0.0014694444444444442 0 G030.13-00.62 0
30.1480 -0.0630 86.7000 0.0658 0.0433 106 4.0000 -0.5 -0.27563735581699905 0.9612616959383189 0.004334027777777779 0.001877777777777778 0 G030.14-00.06 0
30.3380 -0.4670 47.5000 0.1067 0.0283 175 1.3000 -0.5 -0.9961946980917455 0.0871557427476582 0.01137777777777778 0.0008027777777777777 0 G030.33-00.46 0
30.3580 -0.8380 74.0000 0.0167 0.0158 101 3.9000 -0.5 -0.1908089953765448 0.981627183447664 0.0002777777777777778 0.0002506944444444444 0 G030.35-00.83 0
30.5010 0.9600 50.7000 0.0142 0.0067 159 3.2000 -0.5 -0.9335804264972016 0.35836794954530066 0.00020069444444444442 4.444444444444445e-05 0 G030.50+00.95 0
30.5900 0.8220 80.8000 0.2075 0.0458 170 2.6000 -0.5 -0.9848077530122081 0.17364817766693025 0.04305625 0.002100694444444444 0 G030.58+00.82 0
30.6190 0.2410 94.0000 0.0217 0.0117 184 3.2000 -0.5 -0.9975640502598242 -0.06975647374412527 0.0004694444444444445 0.00013611111111111107 0 G030.61+00.24 0
30.7480 0.1040 91.7000 0.0233 0.0075 357 5.9000 -0.5 0.9986295347545738 -0.05233595624294437 0.0005444444444444443 5.625e-05 0 G030.71+00.14 b
30.7140 0.1880 83.5000 0.0158 0.0092 209 6.3000 -0.5 -0.8746197071393959 -0.48480962024633695 0.0002506944444444444 8.402777777777778e-05 0 G030.71+00.14 c
30.7040 0.1210 75.1000 0.0117 0.0092 305 7.3000 -0.5 0.573576436351046 -0.8191520442889918 0.00013611111111111107 8.402777777777778e-05 0 G030.71+00.14 a
30.8510 0.2100 59.7000 0.0650 0.0350 107 3.4000 -0.5 -0.29237170472273666 0.9563047559630355 0.0042250000000000005 0.0012250000000000002 0 G030.85+00.21 0
30.8900 0.1400 95.8000 0.0317 0.0233 251 6.3000 -0.5 -0.32556815445715664 -0.9455185755993168 0.0010027777777777776 0.0005444444444444443 0 G030.88+00.13 0
30.9140 0.7160 50.0000 0.0133 0.0117 129 5.3000 -0.5 -0.6293203910498373 0.7771459614569711 0.0001777777777777778 0.00013611111111111107 0 G030.91+00.71 0
30.9760 -0.1470 78.8000 0.0200 0.0183 235 6.1000 -0.5 -0.5735764363510457 -0.8191520442889921 0.0004 0.00033611111111111114 0 G030.97-00.14 0
31.0200 -0.1030 78.0000 0.0325 0.0242 239 5.9000 0.5 -0.5150380749100545 -0.8571673007021121 0.0010562500000000001 0.0005840277777777777 0 G031.02-00.10 0
31.0320 0.7700 50.8000 0.0375 0.0150 190 3.5000 -0.5 -0.9848077530122081 -0.17364817766693003 0.00140625 0.000225 0 G031.03+00.76 0
31.2250 0.0190 76.6000 0.0158 0.0125 212 6.5000 -0.5 -0.8480480961564261 -0.5299192642332048 0.0002506944444444444 0.00015625000000000003 0 G031.22+00.01 0
31.8580 -0.3640 70.6000 0.0600 0.0383 125 2.7000 -0.5 -0.5735764363510462 0.8191520442889917 0.0036 0.0014694444444444442 0 G031.85-00.36 0
31.9990 -0.5120 71.6000 0.0225 0.0175 162 2.8000 -0.5 -0.9510565162951535 0.3090169943749475 0.0005062500000000001 0.00030625000000000004 0 G031.99-00.51 0
32.0350 -0.3320 70.9000 0.0233 0.0092 210 2.0000 -0.5 -0.8660254037844388 -0.4999999999999998 0.0005444444444444443 8.402777777777778e-05 0 G032.03-00.33 0
32.1460 -0.5290 9.3000 0.0383 0.0383 91 1.4000 -0.5 -0.017452406437283473 0.9998476951563913 0.0014694444444444442 0.0014694444444444442 0 G032.14-00.52 0
32.4150 -0.1320 81.1000 0.0925 0.0592 262 5.8000 -0.5 -0.13917310096006583 -0.9902680687415703 0.00855625 0.0035006944444444443 0 G032.41-00.13 0
32.6700 0.5080 8.8000 0.0450 0.0342 211 1.2000 -0.5 -0.8571673007021123 -0.5150380749100542 0.0020250000000000003 0.001167361111111111 0 G032.66+00.50 0
32.8660 0.3190 46.8000 0.0308 0.0183 209 4.5000 -0.5 -0.8746197071393959 -0.48480962024633695 0.0009506944444444445 0.00033611111111111114 0 G032.86+00.31 0
33.9890 -0.3030 56.9000 0.0183 0.0150 248 2.9000 -0.5 -0.3746065934159123 -0.9271838545667873 0.00033611111111111114 0.000225 0 G033.98-00.30 0
34.1260 0.0660 57.4000 0.0383 0.0133 172 4.3000 -0.5 -0.9902680687415703 0.13917310096006574 0.0014694444444444442 0.0001777777777777778 0 G034.12+00.06 0
34.2850 -0.8580 59.3000 0.0158 0.0083 198 3.5000 -0.5 -0.9510565162951536 -0.3090169943749473 0.0002506944444444444 6.944444444444444e-05 0 G034.28-00.85 0
34.3460 -0.7220 13.0000 0.0233 0.0150 201 2.3000 -0.5 -0.9335804264972016 -0.35836794954530043 0.0005444444444444443 0.000225 0 G034.34-00.72 0
34.3740 -0.6530 12.4000 0.0317 0.0250 244 2.5000 -0.5 -0.43837114678907774 -0.8987940462991668 0.0010027777777777776 0.0006250000000000001 0 G034.37-00.65 0
34.3730 -0.9590 60.1000 0.1150 0.0400 250 2.4000 -0.5 -0.3420201433256685 -0.9396926207859084 0.013225 0.0016 0 G034.37-00.95 0
34.4010 -0.3440 13.1000 0.0975 0.0408 123 2.2000 -0.5 -0.5446390350150271 0.838670567945424 0.009506249999999997 0.001667361111111111 0 G034.40-00.34 0
34.4130 -0.7200 12.6000 0.0558 0.0367 221 2.6000 -0.5 -0.7547095802227721 -0.6560590289905072 0.003117361111111111 0.0013444444444444445 0 G034.41-00.71 0
34.4370 0.2450 57.1000 0.0442 0.0167 169 5.8000 -0.5 -0.981627183447664 0.19080899537654497 0.0019506944444444444 0.0002777777777777778 0 G034.43+00.24 0
34.7340 -0.1300 77.8000 0.0250 0.0200 266 7.2000 -0.5 -0.06975647374412558 -0.9975640502598242 0.0006250000000000001 0.0004 0 G034.73-00.12 0
34.7660 0.3470 53.1000 0.0383 0.0283 97 6.2000 -0.5 -0.12186934340514738 0.9925461516413221 0.0014694444444444442 0.0008027777777777777 0 G034.76+00.34 0
34.7710 -0.5570 43.5000 0.0550 0.0167 185 5.0000 -0.5 -0.9961946980917455 -0.08715574274765794 0.0030249999999999995 0.0002777777777777778 0 G034.77-00.55 0
34.8740 0.4300 52.5000 0.0600 0.0267 165 4.4000 -0.5 -0.9659258262890683 0.2588190451025206 0.0036 0.0007111111111111113 0 G034.87+00.42 0
34.8820 0.2980 52.6000 0.0725 0.0492 218 6.2000 -0.5 -0.788010753606722 -0.6156614753256582 0.00525625 0.0024173611111111114 0 G034.88+00.29 0
34.9150 0.1400 42.0000 0.0533 0.0317 133 3.4000 -0.5 -0.6819983600624984 0.7313537016191707 0.002844444444444445 0.0010027777777777776 0 G034.91+00.13 0
35.0110 -0.3490 45.0000 0.1150 0.0283 193 3.5000 -0.5 -0.9743700647852352 -0.22495105434386498 0.013225 0.0008027777777777777 0 G035.01-00.34 0
35.0480 -0.8960 34.7000 0.0200 0.0167 124 3.5000 -0.5 -0.5591929034707467 0.8290375725550418 0.0004 0.0002777777777777778 0 G035.04-00.89 0
35.0780 -0.8470 35.1000 0.0250 0.0183 143 2.9000 -0.5 -0.7986355100472929 0.6018150231520482 0.0006250000000000001 0.00033611111111111114 0 G035.07-00.84 0
35.1310 -0.6300 38.6000 0.0258 0.0242 140 1.7000 -0.5 -0.7660444431189779 0.6427876096865395 0.0006673611111111111 0.0005840277777777777 0 G035.13-00.62 0
35.1460 -0.0250 28.0000 0.0958 0.0492 173 1.4000 -0.5 -0.992546151641322 0.12186934340514755 0.009184027777777777 0.0024173611111111114 0 G035.14-00.02 0
35.1900 -0.7290 34.3000 0.0283 0.0250 144 4.9000 -0.5 -0.8090169943749473 0.5877852522924732 0.0008027777777777777 0.0006250000000000001 0 G035.19-00.72 0
35.2180 -0.7680 35.3000 0.0350 0.0233 250 4.4000 -0.5 -0.3420201433256685 -0.9396926207859084 0.0012250000000000002 0.0005444444444444443 0 G035.21-00.76 0
35.2470 -0.2660 58.9000 0.0300 0.0283 109 10.6000 -0.5 -0.32556815445715664 0.9455185755993168 0.0009 0.0008027777777777777 0 G035.24-00.26 0
35.2490 -0.8030 36.2000 0.0258 0.0183 121 4.2000 -0.5 -0.5150380749100542 0.8571673007021123 0.0006673611111111111 0.00033611111111111114 0 G035.24-00.80 0
35.2670 -0.7470 36.2000 0.0175 0.0167 138 4.2000 -0.5 -0.7431448254773944 0.669130606358858 0.00030625000000000004 0.0002777777777777778 0 G035.26-00.74 0
35.2890 -0.9060 37.4000 0.0275 0.0183 244 3.2000 -0.5 -0.43837114678907774 -0.8987940462991668 0.0007562499999999999 0.00033611111111111114 0 G035.28-00.90 0
35.3030 -0.4330 43.8000 0.0383 0.0300 118 3.9000 -0.5 -0.46947156278589053 0.8829475928589271 0.0014694444444444442 0.0009 0 G035.30-00.43 0
35.3150 -0.7630 37.1000 0.0217 0.0175 122 3.4000 -0.5 -0.5299192642332048 0.8480480961564261 0.0004694444444444445 0.00030625000000000004 0 G035.31-00.76 0
35.3310 0.1260 80.0000 0.0850 0.0492 225 9.2000 -0.5 -0.7071067811865477 -0.7071067811865475 0.007224999999999999 0.0024173611111111114 0 G035.33+00.12 0
35.3600 -0.9710 35.5000 0.0142 0.0125 135 4.5000 -0.5 -0.7071067811865475 0.7071067811865476 0.00020069444444444442 0.00015625000000000003 0 G035.36-00.97 0
35.3950 -0.3360 44.7000 0.1717 0.0533 149 3.6000 -0.5 -0.8571673007021121 0.5150380749100544 0.02946944444444445 0.002844444444444445 0 G035.39-00.33 0
35.4230 0.1330 76.4000 0.0358 0.0292 152 4.0000 -0.5 -0.882947592858927 0.4694715627858907 0.0012840277777777774 0.0008506944444444445 0 G035.42+00.13 0
35.5630 -0.9300 33.6000 0.0167 0.0125 225 2.4000 -0.5 -0.7071067811865477 -0.7071067811865475 0.0002777777777777778 0.00015625000000000003 0 G035.56-00.92 0
35.5960 -0.2460 44.7000 0.0550 0.0275 232 4.3000 -0.5 -0.6156614753256582 -0.788010753606722 0.0030249999999999995 0.0007562499999999999 0 G035.59-00.24 0
35.6750 -0.1770 28.3000 0.0150 0.0067 167 1.7000 -0.5 -0.9743700647852351 0.2249510543438652 0.000225 4.444444444444445e-05 0 G035.67-00.17 0
35.8390 -0.2310 28.2000 0.0158 0.0100 198 2.1000 -0.5 -0.9510565162951536 -0.3090169943749473 0.0002506944444444444 0.0001 0 G035.83-00.23 0
35.9310 -0.1070 57.4000 0.0733 0.0517 226 3.4000 -0.5 -0.6946583704589973 -0.7193398003386512 0.005377777777777778 0.0026694444444444443 0 G035.93-00.10 0
36.3440 -0.0880 30.8000 0.0217 0.0167 237 3.8000 -0.5 -0.544639035015027 -0.838670567945424 0.0004694444444444445 0.0002777777777777778 0 G036.34-00.08 0
36.3860 -0.1520 30.4000 0.0433 0.0317 207 3.6000 -0.5 -0.8910065241883679 -0.4539904997395467 0.001877777777777778 0.0010027777777777776 0 G036.38-00.15 0
36.5940 -0.0730 53.3000 0.0292 0.0183 256 3.4000 -0.5 -0.2419218955996678 -0.9702957262759965 0.0008506944444444445 0.00033611111111111114 0 G036.59-00.07 0
36.6680 0.5480 36.9000 0.0192 0.0133 160 2.4000 -0.5 -0.9396926207859083 0.3420201433256689 0.00036736111111111106 0.0001777777777777778 0 G036.66+00.54 0
36.6610 -0.0170 53.2000 0.0158 0.0125 161 3.4000 -0.5 -0.9455185755993168 0.3255681544571566 0.0002506944444444444 0.00015625000000000003 0 G036.66-00.01 0
36.6730 -0.1200 54.4000 0.1092 0.0483 209 3.6000 -0.5 -0.8746197071393959 -0.48480962024633695 0.01191736111111111 0.002336111111111111 0 G036.67-00.11 0
36.9400 0.9150 70.2000 0.0358 0.0233 138 4.6000 -0.5 -0.7431448254773944 0.669130606358858 0.0012840277777777774 0.0005444444444444443 0 G036.94+00.91 0
37.2620 0.0030 18.5000 0.0292 0.0117 210 1.2000 -0.5 -0.8660254037844388 -0.4999999999999998 0.0008506944444444445 0.00013611111111111107 0 G037.26+00.00 0
37.6400 -0.5170 75.0000 0.0850 0.0658 241 2.0000 -0.5 -0.48480962024633767 -0.8746197071393955 0.007224999999999999 0.004334027777777779 0 G037.63-00.51 0
38.1150 0.7570 10.1000 0.0208 0.0200 241 1.7000 -0.5 -0.48480962024633767 -0.8746197071393955 0.00043402777777777775 0.0004 0 G038.11+00.75 0
38.3380 -0.8130 16.6000 0.0300 0.0175 96 1.4000 -0.5 -0.10452846326765333 0.9945218953682734 0.0009 0.00030625000000000004 0 G038.33-00.81 0
38.3560 -0.9070 16.4000 0.0167 0.0167 126 1.9000 -0.5 -0.587785252292473 0.8090169943749475 0.0002777777777777778 0.0002777777777777778 0 G038.35-00.90 0
38.7720 0.7890 32.4000 0.0192 0.0083 164 4.1000 -0.5 -0.9612616959383189 0.2756373558169992 0.00036736111111111106 6.944444444444444e-05 0 G038.77+00.78 0
38.8190 0.7840 31.5000 0.0250 0.0125 187 5.1000 -0.5 -0.9925461516413221 -0.12186934340514731 0.0006250000000000001 0.00015625000000000003 0 G038.81+00.78 0
38.8280 -0.4630 41.9000 0.0600 0.0458 236 2.8000 0.5 -0.5591929034707473 -0.8290375725550414 0.0036 0.002100694444444444 0 G038.82-00.46 0
38.9200 -0.3330 39.7000 0.0400 0.0167 155 3.5000 -0.5 -0.9063077870366499 0.4226182617406995 0.0016 0.0002777777777777778 0 G038.92-00.33 0
38.9520 -0.4750 41.6000 0.0625 0.0250 154 3.1000 -0.5 -0.8987940462991668 0.4383711467890777 0.00390625 0.0006250000000000001 0 G038.95-00.47 0
41.0140 -0.1510 38.0000 0.0300 0.0167 146 2.3000 -0.5 -0.8290375725550416 0.5591929034707469 0.0009 0.0002777777777777778 0 G041.01-00.15 0
42.7110 0.3640 15.4000 0.0133 0.0117 230 1.0000 -0.5 -0.6427876096865396 -0.7660444431189779 0.0001777777777777778 0.00013611111111111107 0 G042.71+00.36 0
45.2280 0.1180 58.5000 0.0258 0.0225 219 5.5000 -0.5 -0.7771459614569711 -0.6293203910498373 0.0006673611111111111 0.0005062500000000001 0 G045.22+00.11 0
45.6640 -0.2890 56.7000 0.0242 0.0192 155 7.8000 -0.5 -0.9063077870366499 0.4226182617406995 0.0005840277777777777 0.00036736111111111106 0 G045.66-00.28 0
48.1690 -0.1130 25.8000 0.0250 0.0183 199 2.9000 -0.5 -0.945518575599317 -0.32556815445715637 0.0006250000000000001 0.00033611111111111114 0 G048.16-00.11 0
48.5220 -0.4700 37.8000 0.0217 0.0167 265 2.8000 -0.5 -0.08715574274765825 -0.9961946980917455 0.0004694444444444445 0.0002777777777777778 0 G048.52-00.47 0
48.6020 -0.4910 32.0000 0.0358 0.0183 142 3.3000 -0.5 -0.7880107536067219 0.6156614753256584 0.0012840277777777774 0.00033611111111111114 0 G048.60-00.49 0
48.6580 -0.3000 34.0000 0.0283 0.0200 93 2.8000 -0.5 -0.05233595624294384 0.9986295347545738 0.0008027777777777777 0.0004 0 G048.65-00.29 0
48.7740 -0.1330 15.8000 0.1050 0.0492 205 4.1000 -0.5 -0.90630778703665 -0.4226182617406993 0.011024999999999998 0.0024173611111111114 0 G048.77-00.13 0
48.8480 -0.3290 48.4000 0.0333 0.0275 126 1.8000 -0.5 -0.587785252292473 0.8090169943749475 0.0011111111111111111 0.0007562499999999999 0 G048.84-00.32 0
49.5730 -0.1900 41.7000 0.0250 0.0158 246 3.5000 -0.5 -0.4067366430758009 -0.9135454576426006 0.0006250000000000001 0.0002506944444444444 0 G049.57-00.19 0
53.1160 0.0540 22.0000 0.0133 0.0108 140 2.2000 -0.5 -0.7660444431189779 0.6427876096865395 0.0001777777777777778 0.00011736111111111112 0 G053.11+00.05 0
53.3150 0.0030 24.0000 0.0133 0.0133 262 2.7000 -0.5 -0.13917310096006583 -0.9902680687415703 0.0001777777777777778 0.0001777777777777778 0 G053.31+00.00 0
